num_cards,mcts_heads,player_0_heads,winner
5,42,73,0
5,23,67,0
5,42,74,0
5,25,66,0
5,20,72,0
5,19,67,0
5,53,66,0
5,31,66,0
5,28,67,0
5,45,66,0
5,59,67,0
5,58,66,0
5,27,71,0
5,36,66,0
5,38,66,0
5,35,67,0
5,28,77,0
5,43,67,0
5,42,67,0
5,44,67,0
5,62,66,0
5,40,67,0
5,34,66,0
5,56,66,0
5,38,66,0
5,32,66,0
5,38,67,0
5,53,68,0
5,33,68,0
5,66,52,1
5,35,71,0
5,52,66,0
5,47,66,0
5,29,68,0
5,47,69,0
5,34,72,0
5,23,67,0
5,24,66,0
5,35,66,0
5,70,25,1
5,52,68,0
5,22,68,0
5,38,66,0
5,22,69,0
5,46,70,0
5,29,70,0
5,48,66,0
5,43,66,0
5,33,66,0
5,20,69,0
5,38,67,0
5,43,71,0
5,30,66,0
5,26,67,0
5,36,67,0
5,55,66,0
5,31,67,0
5,26,67,0
5,43,67,0
5,41,66,0
5,38,68,0
5,6,76,0
5,31,67,0
5,43,72,0
5,45,66,0
5,66,63,1
5,55,69,0
5,40,74,0
5,25,67,0
5,42,67,0
5,29,69,0
5,48,73,0
5,53,66,0
5,38,68,0
5,50,70,0
5,42,66,0
5,29,68,0
5,58,71,0
5,37,67,0
5,28,67,0
5,28,70,0
5,41,67,0
5,21,66,0
5,26,67,0
5,23,67,0
5,59,70,0
5,43,66,0
5,29,66,0
5,49,66,0
5,41,68,0
5,30,66,0
5,43,68,0
5,28,66,0
5,26,66,0
5,41,68,0
5,33,67,0
5,32,71,0
5,48,74,0
5,38,68,0
5,42,66,0
5,27,66,0
5,26,68,0
5,66,65,1
5,23,66,0
5,47,66,0
5,25,67,0
5,45,69,0
5,41,67,0
5,31,68,0
5,30,66,0
5,50,67,0
5,34,74,0
5,40,68,0
5,26,76,0
5,25,67,0
5,57,66,0
5,33,77,0
5,40,66,0
5,57,67,0
5,66,57,1
5,38,68,0
5,24,68,0
5,27,74,0
5,67,50,1
5,40,67,0
5,52,67,0
5,28,66,0
5,59,66,0
5,44,67,0
5,59,68,0
5,18,77,0
5,27,67,0
5,30,66,0
5,34,67,0
5,30,66,0
5,21,66,0
5,26,68,0
5,33,68,0
5,52,75,0
5,22,66,0
5,64,66,0
5,47,67,0
5,54,66,0
5,28,66,0
5,39,67,0
5,35,66,0
5,33,68,0
5,70,61,1
5,42,70,0
5,66,65,1
5,29,67,0
5,34,75,0
5,22,76,0
5,39,66,0
5,42,76,0
5,27,66,0
5,33,67,0
5,55,68,0
5,39,66,0
5,38,70,0
5,32,67,0
5,28,72,0
5,39,74,0
5,31,67,0
5,47,71,0
5,47,71,0
5,40,66,0
5,66,55,1
5,29,66,0
5,23,66,0
5,66,56,1
5,44,67,0
5,51,66,0
5,30,66,0
5,59,66,0
5,34,66,0
5,22,77,0
5,28,68,0
5,56,66,0
5,66,54,1
5,33,66,0
5,40,66,0
5,36,69,0
5,23,67,0
5,19,66,0
5,45,67,0
5,55,68,0
5,31,67,0
5,34,66,0
5,25,66,0
5,31,67,0
5,34,71,0
5,23,75,0
5,25,69,0
5,45,68,0
5,17,68,0
5,52,75,0
5,31,66,0
5,31,66,0
5,29,67,0
5,36,66,0
5,37,67,0
5,45,67,0
5,42,74,0
5,32,67,0
5,37,67,0
5,30,66,0
5,56,66,0
5,30,69,0
5,14,66,0
5,30,67,0
5,40,67,0
5,30,66,0
5,62,66,0
5,53,67,0
5,36,68,0
5,54,68,0
5,35,66,0
5,45,67,0
5,58,66,0
5,42,67,0
5,23,66,0
5,26,70,0
5,27,66,0
5,41,68,0
5,27,69,0
5,41,72,0
5,10,67,0
5,35,66,0
5,51,67,0
5,40,69,0
5,45,67,0
5,56,67,0
5,32,66,0
5,27,67,0
5,56,67,0
5,48,66,0
5,22,78,0
5,42,67,0
5,39,66,0
5,35,67,0
5,34,73,0
5,43,73,0
5,41,66,0
5,44,67,0
5,55,66,0
5,29,66,0
5,34,68,0
5,27,69,0
5,52,66,0
5,38,67,0
5,60,76,0
5,33,66,0
5,46,66,0
5,52,66,0
5,45,71,0
5,36,67,0
5,50,66,0
5,20,66,0
5,41,67,0
5,47,66,0
5,41,66,0
5,63,68,0
5,43,70,0
5,57,66,0
5,26,67,0
5,37,66,0
5,24,66,0
5,26,66,0
5,20,68,0
5,32,72,0
5,42,66,0
5,31,71,0
5,31,67,0
5,23,67,0
5,58,69,0
5,56,68,0
5,34,73,0
5,26,68,0
5,26,69,0
5,29,68,0
5,23,66,0
5,38,72,0
5,39,68,0
5,47,68,0
5,48,67,0
5,33,69,0
5,65,69,0
5,27,67,0
5,25,70,0
5,29,67,0
5,26,70,0
5,34,78,0
5,41,66,0
5,42,72,0
5,46,66,0
5,43,69,0
5,38,67,0
5,49,67,0
5,25,66,0
5,33,66,0
5,23,69,0
5,67,61,1
5,44,70,0
5,25,66,0
5,45,69,0
5,43,67,0
5,41,69,0
5,27,67,0
5,32,77,0
5,40,68,0
5,15,68,0
5,24,67,0
5,48,71,0
5,46,68,0
5,42,66,0
5,50,70,0
5,64,66,0
5,38,66,0
5,33,67,0
5,49,67,0
5,21,67,0
5,31,68,0
5,25,66,0
5,45,66,0
5,16,66,0
5,29,69,0
5,36,67,0
5,32,73,0
5,20,66,0
5,34,66,0
5,30,67,0
5,60,66,0
5,40,66,0
5,35,66,0
5,14,66,0
5,34,67,0
5,39,67,0
5,51,66,0
5,54,66,0
5,47,66,0
5,19,66,0
5,31,68,0
5,56,66,0
5,25,67,0
5,57,68,0
5,57,66,0
5,35,67,0
5,24,68,0
5,26,71,0
5,37,66,0
5,27,66,0
5,51,66,0
5,33,70,0
5,35,75,0
5,34,67,0
5,25,75,0
5,25,66,0
5,32,67,0
5,21,66,0
5,33,67,0
5,33,66,0
5,26,68,0
5,23,68,0
5,39,66,0
5,66,55,1
5,19,67,0
5,14,66,0
5,32,70,0
5,68,53,1
5,23,66,0
5,34,68,0
5,18,66,0
5,39,67,0
5,27,66,0
5,24,73,0
5,20,68,0
5,52,66,0
5,25,71,0
5,32,69,0
5,33,67,0
5,28,66,0
5,49,69,0
5,35,66,0
5,28,69,0
5,36,68,0
5,50,73,0
5,20,66,0
5,47,67,0
5,30,68,0
5,16,67,0
5,54,68,0
5,54,66,0
5,27,67,0
5,38,67,0
5,29,67,0
5,25,66,0
5,26,67,0
5,28,70,0
5,41,66,0
5,25,66,0
5,38,76,0
5,28,67,0
5,66,57,1
5,41,67,0
5,51,69,0
5,57,71,0
5,40,66,0
5,64,67,0
5,33,67,0
5,56,66,0
5,36,74,0
5,28,66,0
5,42,73,0
5,29,66,0
5,30,70,0
5,53,68,0
5,50,66,0
5,66,61,1
5,25,68,0
5,43,66,0
5,34,68,0
5,43,73,0
5,25,66,0
5,38,71,0
5,16,67,0
5,58,66,0
5,50,66,0
5,32,66,0
5,66,60,1
5,24,67,0
5,35,66,0
5,32,67,0
5,44,66,0
5,20,66,0
5,13,66,0
5,31,67,0
5,28,66,0
5,32,76,0
5,38,68,0
5,36,67,0
5,28,68,0
5,55,70,0
5,39,73,0
5,17,68,0
5,33,67,0
5,57,66,0
5,54,66,0
5,57,68,0
5,63,68,0
5,29,66,0
5,20,67,0
5,38,72,0
5,40,66,0
5,61,69,0
5,40,67,0
5,40,71,0
5,20,67,0
5,62,66,0
5,34,66,0
5,34,66,0
5,66,62,1
5,34,67,0
5,62,67,0
5,27,66,0
5,41,67,0
5,24,66,0
5,23,70,0
5,25,66,0
5,39,66,0
5,58,67,0
5,22,68,0
5,31,67,0
5,21,67,0
5,25,68,0
5,45,69,0
5,32,68,0
5,22,70,0
5,40,72,0
5,19,66,0
5,30,67,0
5,25,66,0
5,44,68,0
5,19,66,0
5,44,73,0
5,61,66,0
5,53,66,0
5,55,68,0
5,58,66,0
5,4,69,0
5,62,74,0
5,68,50,1
5,44,74,0
5,47,66,0
5,54,66,0
5,28,66,0
5,59,71,0
5,66,65,1
5,54,66,0
5,35,68,0
5,31,72,0
5,29,66,0
5,34,70,0
5,23,68,0
5,18,71,0
5,53,69,0
5,29,66,0
5,28,68,0
5,45,68,0
5,41,67,0
5,26,70,0
5,40,66,0
5,44,66,0
5,44,66,0
5,32,70,0
5,40,66,0
5,33,66,0
5,37,66,0
5,56,69,0
5,24,67,0
5,43,76,0
5,17,66,0
5,28,66,0
5,42,67,0
5,18,66,0
5,40,66,0
5,23,66,0
5,38,72,0
5,28,71,0
5,66,69,0
5,42,67,0
5,43,67,0
5,33,68,0
5,51,67,0
5,34,73,0
5,34,67,0
5,39,66,0
5,20,66,0
5,31,69,0
5,35,67,0
5,38,68,0
5,12,67,0
5,24,72,0
5,25,66,0
5,27,68,0
5,34,75,0
5,50,68,0
5,33,76,0
5,25,66,0
5,56,67,0
5,39,66,0
5,50,68,0
5,17,72,0
5,41,68,0
5,29,66,0
5,43,66,0
5,48,67,0
5,26,72,0
5,45,67,0
5,29,73,0
5,24,68,0
5,42,74,0
5,18,68,0
5,52,69,0
5,28,67,0
5,49,69,0
5,37,71,0
5,37,66,0
5,74,50,1
5,53,66,0
5,33,68,0
5,34,67,0
5,35,67,0
5,27,66,0
5,48,68,0
5,61,67,0
5,35,66,0
5,34,66,0
5,35,66,0
5,52,66,0
5,66,59,1
5,27,71,0
5,45,66,0
5,37,66,0
5,48,68,0
5,34,68,0
5,46,66,0
5,50,67,0
5,59,66,0
5,66,58,1
5,54,67,0
5,37,67,0
5,14,68,0
5,26,67,0
5,67,59,1
5,40,66,0
5,39,67,0
5,22,73,0
5,40,66,0
5,45,66,0
5,27,69,0
5,61,66,0
5,31,66,0
5,34,73,0
5,17,75,0
5,67,61,1
5,37,67,0
5,37,68,0
5,37,67,0
5,19,66,0
5,37,67,0
5,37,68,0
5,36,76,0
5,23,72,0
5,55,67,0
5,30,66,0
5,21,70,0
5,33,66,0
5,33,66,0
5,32,67,0
5,44,66,0
5,24,67,0
5,16,67,0
5,25,70,0
5,12,68,0
5,19,68,0
5,37,66,0
5,19,67,0
5,36,69,0
5,30,66,0
5,45,66,0
5,66,39,1
5,45,75,0
5,41,67,0
5,21,71,0
5,46,67,0
5,41,67,0
5,40,69,0
5,27,67,0
5,48,67,0
5,37,66,0
5,41,69,0
5,25,69,0
5,30,66,0
5,41,68,0
5,40,66,0
5,67,64,1
5,29,70,0
5,33,67,0
5,44,66,0
5,51,67,0
5,66,60,1
5,30,71,0
5,22,67,0
5,43,66,0
5,25,70,0
5,42,72,0
5,32,66,0
5,20,70,0
5,59,67,0
5,35,66,0
5,45,68,0
5,46,67,0
5,26,66,0
5,41,70,0
5,46,66,0
5,25,68,0
5,28,66,0
5,49,67,0
5,47,71,0
5,34,67,0
5,33,68,0
5,40,70,0
5,19,73,0
5,43,66,0
5,40,66,0
5,47,67,0
5,54,66,0
5,21,66,0
5,53,66,0
5,60,66,0
5,67,61,1
5,40,66,0
5,38,73,0
5,38,66,0
5,52,68,0
5,34,66,0
5,34,73,0
5,20,68,0
5,23,66,0
5,15,72,0
5,16,74,0
5,33,72,0
5,44,68,0
5,28,66,0
5,44,66,0
5,22,66,0
5,46,66,0
5,15,66,0
5,60,68,0
5,44,75,0
5,26,66,0
5,52,68,0
5,45,69,0
5,20,67,0
5,37,69,0
5,44,70,0
5,32,68,0
5,37,66,0
5,48,67,0
5,37,66,0
5,37,67,0
5,33,70,0
5,22,67,0
5,29,66,0
5,35,71,0
5,39,67,0
5,23,67,0
5,33,67,0
5,28,69,0
5,43,68,0
5,59,67,0
5,35,66,0
5,29,67,0
5,40,68,0
5,36,67,0
5,33,67,0
5,24,68,0
5,31,66,0
5,39,67,0
5,66,49,1
5,28,67,0
5,37,66,0
5,49,66,0
5,46,68,0
5,30,71,0
5,26,70,0
5,40,70,0
5,45,68,0
5,21,68,0
5,53,66,0
5,40,66,0
5,37,67,0
5,33,68,0
5,66,58,1
5,27,67,0
5,67,53,1
5,32,66,0
5,36,66,0
5,51,75,0
5,52,69,0
5,33,66,0
5,36,66,0
5,32,69,0
5,42,66,0
5,45,66,0
5,34,75,0
5,16,67,0
5,22,70,0
5,31,70,0
5,40,67,0
5,43,67,0
5,45,66,0
5,51,74,0
5,37,68,0
5,38,67,0
5,53,66,0
5,57,72,0
5,22,71,0
5,66,53,1
5,25,69,0
5,28,66,0
5,30,68,0
5,38,67,0
5,27,71,0
5,27,67,0
5,37,66,0
5,17,66,0
5,31,71,0
5,28,68,0
5,28,66,0
5,37,74,0
5,22,67,0
5,32,77,0
5,37,66,0
5,28,66,0
5,42,69,0
5,49,68,0
5,36,69,0
5,34,66,0
5,44,67,0
5,30,68,0
5,34,66,0
5,43,67,0
5,46,67,0
5,43,66,0
5,48,67,0
5,34,74,0
5,29,66,0
5,28,67,0
5,22,71,0
5,28,67,0
5,23,73,0
5,52,67,0
5,48,67,0
5,25,66,0
5,41,69,0
5,25,68,0
5,26,66,0
5,22,67,0
5,33,68,0
5,39,66,0
5,37,73,0
5,37,69,0
5,32,66,0
5,21,67,0
5,41,68,0
5,56,73,0
5,30,69,0
5,33,66,0
5,32,68,0
5,58,66,0
5,42,68,0
5,48,67,0
5,54,67,0
5,41,71,0
5,31,74,0
5,33,66,0
5,59,66,0
5,16,68,0
5,17,68,0
5,31,66,0
5,34,69,0
5,60,66,0
5,31,70,0
5,24,66,0
5,37,69,0
5,58,66,0
5,29,66,0
5,50,73,0
5,31,69,0
5,33,66,0
5,19,71,0
5,46,74,0
5,22,67,0
5,27,70,0
5,61,72,0
5,48,66,0
5,30,66,0
5,52,76,0
5,17,71,0
5,69,54,1
5,19,67,0
5,44,70,0
5,51,79,0
5,37,74,0
5,58,70,0
5,24,77,0
5,43,68,0
5,40,66,0
5,64,67,0
5,16,66,0
5,32,66,0
5,23,68,0
5,24,69,0
5,18,67,0
5,74,59,1
5,37,68,0
5,57,66,0
5,62,68,0
5,47,67,0
5,40,66,0
5,13,67,0
5,43,73,0
5,38,67,0
5,30,68,0
5,61,66,0
5,43,67,0
5,45,66,0
5,48,66,0
5,37,74,0
5,33,68,0
5,36,73,0
5,36,68,0
5,33,66,0
5,44,68,0
5,33,66,0
5,22,66,0
5,49,75,0
5,37,66,0
5,47,68,0
5,43,66,0
5,39,69,0
5,37,67,0
5,61,73,0
5,49,66,0
5,11,67,0
5,42,71,0
5,25,67,0
5,18,67,0
5,50,67,0
5,53,66,0
5,48,66,0
5,36,66,0
5,68,59,1
5,41,67,0
5,64,67,0
5,33,66,0
5,32,66,0
5,67,67,-1
5,26,68,0
5,33,74,0
5,40,66,0
5,27,66,0
5,29,68,0
5,33,66,0
5,35,75,0
5,14,70,0
5,45,68,0
5,36,66,0
5,39,66,0
5,37,73,0
5,32,68,0
5,30,66,0
5,37,69,0
5,47,66,0
5,24,67,0
5,45,70,0
5,24,69,0
5,26,67,0
5,55,66,0
5,43,67,0
5,40,66,0
5,31,66,0
5,41,67,0
5,70,46,1
5,54,68,0
5,49,67,0
5,41,68,0
5,47,67,0
5,30,66,0
5,56,67,0
5,18,75,0
5,49,72,0
5,29,68,0
5,34,66,0
5,34,66,0
5,30,67,0
5,38,67,0
5,56,69,0
5,43,66,0
5,29,66,0
5,40,67,0
5,29,66,0
5,34,69,0
5,55,66,0
5,20,70,0
5,26,70,0
5,36,66,0
5,21,67,0
5,39,66,0
5,50,66,0
5,28,68,0
5,48,66,0
5,38,68,0
5,24,67,0
5,46,67,0
5,51,66,0
5,18,67,0
5,44,66,0
5,40,66,0
5,36,66,0
5,27,67,0
5,45,66,0
5,36,66,0
5,31,66,0
5,39,67,0
5,48,67,0
5,31,67,0
5,45,66,0
5,34,67,0
5,40,69,0
5,24,67,0
5,52,69,0
5,21,67,0
5,28,67,0
5,18,69,0
5,36,66,0
5,28,67,0
5,48,68,0
5,46,66,0
5,43,67,0
5,39,69,0
5,41,68,0
5,46,76,0
5,41,67,0
5,28,66,0
5,51,70,0
5,21,66,0
6,52,67,0
6,21,67,0
6,46,68,0
6,19,67,0
6,14,69,0
6,49,67,0
6,17,66,0
6,47,66,0
6,25,74,0
6,30,70,0
6,29,66,0
6,19,67,0
6,35,67,0
6,45,68,0
6,47,67,0
6,37,69,0
6,34,66,0
6,34,80,0
6,33,80,0
6,17,70,0
6,18,69,0
6,55,76,0
6,48,69,0
6,36,66,0
6,66,61,1
6,45,79,0
6,33,66,0
6,29,67,0
6,50,70,0
6,33,72,0
6,47,74,0
6,30,73,0
6,29,66,0
6,19,69,0
6,22,74,0
6,23,67,0
6,33,66,0
6,24,67,0
6,43,69,0
6,32,68,0
6,27,68,0
6,40,67,0
6,38,67,0
6,52,71,0
6,32,72,0
6,48,68,0
6,42,67,0
6,43,69,0
6,26,73,0
6,30,66,0
6,45,67,0
6,52,66,0
6,54,67,0
6,33,69,0
6,43,66,0
6,44,67,0
6,38,66,0
6,45,68,0
6,36,66,0
6,41,76,0
6,34,66,0
6,34,66,0
6,22,67,0
6,54,72,0
6,18,66,0
6,28,66,0
6,64,66,0
6,65,69,0
6,12,67,0
6,48,70,0
6,21,66,0
6,22,66,0
6,37,67,0
6,14,66,0
6,52,67,0
6,50,67,0
6,52,68,0
6,33,68,0
6,34,66,0
6,45,69,0
6,33,69,0
6,29,74,0
6,44,66,0
6,42,70,0
6,34,75,0
6,40,66,0
6,57,68,0
6,46,67,0
6,46,68,0
6,32,67,0
6,21,66,0
6,60,66,0
6,21,66,0
6,28,66,0
6,33,70,0
6,31,66,0
6,18,67,0
6,25,77,0
6,24,68,0
6,67,42,1
6,41,67,0
6,40,75,0
6,35,76,0
6,32,66,0
6,52,66,0
6,46,68,0
6,38,72,0
6,40,66,0
6,31,78,0
6,46,67,0
6,38,66,0
6,27,68,0
6,24,68,0
6,32,68,0
6,32,66,0
6,15,66,0
6,18,66,0
6,32,66,0
6,31,66,0
6,23,71,0
6,41,67,0
6,40,67,0
6,42,72,0
6,48,67,0
6,33,67,0
6,24,67,0
6,38,67,0
6,14,67,0
6,48,69,0
6,34,66,0
6,15,68,0
6,26,66,0
6,62,72,0
6,22,67,0
6,63,69,0
6,37,68,0
6,52,70,0
6,35,67,0
6,29,70,0
6,21,71,0
6,22,66,0
6,24,66,0
6,57,68,0
6,35,72,0
6,43,75,0
6,29,72,0
6,13,70,0
6,39,69,0
6,49,73,0
6,24,69,0
6,30,66,0
6,25,67,0
6,31,71,0
6,45,67,0
6,24,67,0
6,36,70,0
6,31,71,0
6,21,70,0
6,43,66,0
6,31,68,0
6,24,69,0
6,28,68,0
6,40,66,0
6,40,66,0
6,60,66,0
6,40,67,0
6,45,67,0
6,26,67,0
6,19,66,0
6,31,71,0
6,28,71,0
6,26,68,0
6,13,71,0
6,36,70,0
6,16,67,0
6,7,66,0
6,27,68,0
6,48,66,0
6,36,74,0
6,66,63,1
6,59,67,0
6,29,72,0
6,26,72,0
6,35,66,0
6,16,72,0
6,37,66,0
6,45,68,0
6,60,66,0
6,24,66,0
6,36,66,0
6,24,66,0
6,31,69,0
6,24,66,0
6,46,69,0
6,26,68,0
6,33,68,0
6,33,73,0
6,52,66,0
6,35,66,0
6,25,71,0
6,18,80,0
6,31,72,0
6,34,69,0
6,20,69,0
6,52,66,0
6,63,71,0
6,29,67,0
6,46,82,0
6,49,66,0
6,40,71,0
6,36,67,0
6,20,67,0
6,19,66,0
6,46,68,0
6,32,76,0
6,34,67,0
6,22,69,0
6,15,67,0
6,40,66,0
6,19,68,0
6,48,68,0
6,38,66,0
6,66,39,1
6,51,67,0
6,47,66,0
6,31,66,0
6,45,68,0
6,21,68,0
6,59,74,0
6,53,67,0
6,39,67,0
6,30,66,0
6,41,66,0
6,47,66,0
6,31,74,0
6,23,70,0
6,12,68,0
6,32,71,0
6,43,72,0
6,67,37,1
6,66,54,1
6,57,68,0
6,38,68,0
6,27,72,0
6,46,66,0
6,31,66,0
6,32,67,0
6,52,70,0
6,17,67,0
6,29,70,0
6,35,66,0
6,27,72,0
6,29,66,0
6,27,66,0
6,39,73,0
6,26,67,0
6,32,67,0
6,25,74,0
6,55,69,0
6,26,68,0
6,38,69,0
6,31,67,0
6,51,67,0
6,41,67,0
6,23,67,0
6,17,67,0
6,17,66,0
6,32,66,0
6,67,71,0
6,30,70,0
6,62,69,0
6,31,71,0
6,34,67,0
6,25,67,0
6,21,73,0
6,55,66,0
6,36,66,0
6,9,67,0
6,58,68,0
6,28,66,0
6,35,66,0
6,45,66,0
6,15,66,0
6,39,66,0
6,54,67,0
6,55,67,0
6,14,67,0
6,42,67,0
6,31,70,0
6,59,74,0
6,67,63,1
6,66,67,0
6,25,66,0
6,49,69,0
6,34,69,0
6,70,62,1
6,23,66,0
6,55,77,0
6,28,66,0
6,52,66,0
6,36,77,0
6,33,70,0
6,52,68,0
6,30,66,0
6,29,66,0
6,39,70,0
6,28,74,0
6,24,69,0
6,27,74,0
6,46,66,0
6,35,69,0
6,25,76,0
6,66,63,1
6,37,77,0
6,33,66,0
6,19,67,0
6,33,68,0
6,14,73,0
6,42,69,0
6,30,72,0
6,23,69,0
6,23,66,0
6,27,66,0
6,37,66,0
6,36,67,0
6,31,68,0
6,33,84,0
6,28,68,0
6,15,67,0
6,17,66,0
6,26,70,0
6,29,70,0
6,20,67,0
6,31,75,0
6,39,69,0
6,63,73,0
6,42,67,0
6,26,67,0
6,30,67,0
6,61,72,0
6,28,67,0
6,32,68,0
6,44,66,0
6,38,70,0
6,57,69,0
6,33,66,0
6,38,66,0
6,43,69,0
6,28,66,0
6,18,67,0
6,22,67,0
6,38,66,0
6,24,75,0
6,53,66,0
6,22,70,0
6,17,69,0
6,19,73,0
6,42,70,0
6,36,66,0
6,26,70,0
6,27,66,0
6,52,68,0
6,19,72,0
6,34,69,0
6,35,66,0
6,37,66,0
6,31,69,0
6,30,69,0
6,35,68,0
6,29,66,0
6,18,69,0
6,26,66,0
6,38,69,0
6,45,69,0
6,48,66,0
6,43,67,0
6,36,67,0
6,19,69,0
6,69,68,1
6,44,68,0
6,26,66,0
6,47,72,0
6,33,71,0
6,40,70,0
6,55,71,0
6,58,78,0
6,35,66,0
6,34,69,0
6,50,71,0
6,37,76,0
6,11,67,0
6,47,70,0
6,33,72,0
6,32,74,0
6,27,67,0
6,36,66,0
6,29,67,0
6,37,66,0
6,32,66,0
6,44,66,0
6,23,66,0
6,33,75,0
6,28,69,0
6,32,71,0
6,21,67,0
6,14,66,0
6,42,72,0
6,45,67,0
6,47,72,0
6,31,67,0
6,27,67,0
6,43,68,0
6,23,67,0
6,20,71,0
6,35,71,0
6,44,71,0
6,21,66,0
6,34,76,0
6,33,75,0
6,57,74,0
6,59,67,0
6,31,70,0
6,32,69,0
6,41,67,0
6,42,69,0
6,21,70,0
6,27,68,0
6,35,67,0
6,12,70,0
6,41,66,0
6,51,68,0
6,36,66,0
6,30,71,0
6,37,66,0
6,46,66,0
6,24,70,0
6,49,66,0
6,42,66,0
6,27,67,0
6,37,79,0
6,49,67,0
6,35,66,0
6,26,67,0
6,30,66,0
6,46,67,0
6,46,66,0
6,51,67,0
6,23,68,0
6,39,71,0
6,66,54,1
6,33,66,0
6,12,66,0
6,33,70,0
6,40,69,0
6,46,70,0
6,26,72,0
6,39,76,0
6,30,66,0
6,29,70,0
6,58,66,0
6,66,46,1
6,57,67,0
6,36,68,0
6,62,72,0
6,25,70,0
6,38,70,0
6,34,66,0
6,43,69,0
6,36,68,0
6,21,70,0
6,28,69,0
6,22,68,0
6,32,66,0
6,38,69,0
6,63,67,0
6,47,68,0
6,21,67,0
6,34,67,0
6,27,66,0
6,33,69,0
6,42,66,0
6,37,66,0
6,38,67,0
6,20,67,0
6,59,67,0
6,33,68,0
6,26,68,0
6,36,66,0
6,36,67,0
6,41,68,0
6,24,68,0
6,51,67,0
6,41,70,0
6,36,67,0
6,28,67,0
6,42,68,0
6,41,78,0
6,60,66,0
6,50,68,0
6,22,71,0
6,46,67,0
6,31,66,0
6,57,71,0
6,35,68,0
6,45,73,0
6,33,66,0
6,36,67,0
6,34,68,0
6,47,67,0
6,32,66,0
6,35,71,0
6,21,71,0
6,37,68,0
6,34,69,0
6,22,72,0
6,30,69,0
6,30,66,0
6,35,66,0
6,36,69,0
6,55,67,0
6,40,66,0
6,39,66,0
6,42,68,0
6,43,71,0
6,11,66,0
6,44,66,0
6,42,67,0
6,38,67,0
6,30,68,0
6,19,70,0
6,46,70,0
6,22,67,0
6,47,79,0
6,66,52,1
6,43,73,0
6,23,77,0
6,22,85,0
6,66,76,0
6,13,67,0
6,28,68,0
6,57,66,0
6,47,70,0
6,15,70,0
6,25,66,0
6,24,67,0
6,15,68,0
6,26,73,0
6,44,70,0
6,31,67,0
6,34,79,0
6,35,66,0
6,32,70,0
6,19,66,0
6,27,67,0
6,40,66,0
6,24,69,0
6,43,74,0
6,34,67,0
6,17,70,0
6,12,73,0
6,48,68,0
6,67,64,1
6,45,67,0
6,42,67,0
6,35,66,0
6,19,67,0
6,24,78,0
6,15,66,0
6,34,70,0
6,45,73,0
6,25,66,0
6,64,76,0
6,30,67,0
6,32,71,0
6,13,67,0
6,29,66,0
6,31,68,0
6,35,67,0
6,31,68,0
6,32,67,0
6,39,66,0
6,30,71,0
6,43,69,0
6,49,66,0
6,29,68,0
6,40,67,0
6,41,66,0
6,43,67,0
6,59,66,0
6,26,68,0
6,29,76,0
6,60,66,0
6,50,66,0
6,61,66,0
6,39,69,0
6,42,66,0
6,29,68,0
6,25,66,0
6,41,67,0
6,42,69,0
6,18,71,0
6,39,68,0
6,19,67,0
6,32,66,0
6,63,68,0
6,43,76,0
6,26,66,0
6,26,67,0
6,26,72,0
6,67,63,1
6,29,67,0
6,36,69,0
6,27,66,0
6,46,69,0
6,23,68,0
6,29,67,0
6,29,66,0
6,32,72,0
6,53,69,0
6,29,76,0
6,66,55,1
6,35,74,0
6,22,67,0
6,32,66,0
6,38,68,0
6,13,70,0
6,53,66,0
6,57,68,0
6,23,67,0
6,36,77,0
6,31,74,0
6,27,66,0
6,18,78,0
6,57,69,0
6,33,66,0
6,18,73,0
6,57,70,0
6,33,67,0
6,58,66,0
6,39,67,0
6,29,67,0
6,62,70,0
6,33,69,0
6,45,68,0
6,37,67,0
6,34,70,0
6,20,68,0
6,37,67,0
6,67,61,1
6,24,67,0
6,26,66,0
6,48,69,0
6,26,66,0
6,56,66,0
6,26,66,0
6,32,67,0
6,35,66,0
6,29,73,0
6,36,71,0
6,19,69,0
6,29,73,0
6,21,67,0
6,44,68,0
6,48,67,0
6,31,71,0
6,21,70,0
6,59,70,0
6,33,67,0
6,52,66,0
6,30,67,0
6,35,66,0
6,49,68,0
6,37,67,0
6,33,67,0
6,14,66,0
6,48,71,0
6,23,68,0
6,53,68,0
6,27,66,0
6,19,66,0
6,19,67,0
6,31,66,0
6,51,69,0
6,18,69,0
6,26,66,0
6,46,69,0
6,62,69,0
6,33,68,0
6,65,70,0
6,36,80,0
6,39,68,0
6,29,68,0
6,19,66,0
6,30,72,0
6,19,69,0
6,36,67,0
6,40,76,0
6,44,66,0
6,44,72,0
6,34,67,0
6,41,69,0
6,23,68,0
6,23,66,0
6,46,70,0
6,49,68,0
6,18,74,0
6,7,67,0
6,33,69,0
6,23,67,0
6,59,69,0
6,50,68,0
6,50,66,0
6,34,70,0
6,20,68,0
6,46,73,0
6,66,51,1
6,32,67,0
6,36,70,0
6,65,66,0
6,61,67,0
6,17,71,0
6,13,66,0
6,47,66,0
6,28,70,0
6,31,69,0
6,17,68,0
6,19,70,0
6,16,74,0
6,22,69,0
6,29,69,0
6,22,67,0
6,20,71,0
6,26,74,0
6,37,66,0
6,37,66,0
6,36,74,0
6,37,72,0
6,42,71,0
6,49,68,0
6,66,67,0
6,38,67,0
6,27,66,0
6,32,74,0
6,60,67,0
6,42,66,0
6,37,70,0
6,52,67,0
6,48,68,0
6,25,67,0
6,44,67,0
6,22,67,0
6,33,66,0
6,67,61,1
6,33,66,0
6,33,70,0
6,50,72,0
6,58,67,0
6,27,71,0
6,9,68,0
6,23,68,0
6,25,67,0
6,20,66,0
6,53,66,0
6,38,66,0
6,28,69,0
6,39,67,0
6,56,68,0
6,24,68,0
6,57,66,0
6,11,73,0
6,30,66,0
6,38,67,0
6,29,68,0
6,19,67,0
6,12,67,0
6,41,69,0
6,30,69,0
6,34,77,0
6,37,71,0
6,19,67,0
6,16,66,0
6,39,68,0
6,24,66,0
6,19,67,0
6,19,67,0
6,52,72,0
6,22,67,0
6,28,66,0
6,12,68,0
6,49,66,0
6,42,70,0
6,40,66,0
6,63,71,0
6,22,70,0
6,39,67,0
6,35,72,0
6,66,35,1
6,29,66,0
6,35,69,0
6,44,66,0
6,34,68,0
6,15,70,0
6,47,70,0
6,26,70,0
6,28,69,0
6,35,71,0
6,26,67,0
6,28,68,0
6,34,67,0
6,9,70,0
6,54,69,0
6,48,72,0
6,39,68,0
6,44,67,0
6,43,68,0
6,16,71,0
6,23,70,0
6,45,68,0
6,67,66,1
6,24,76,0
6,22,67,0
6,45,67,0
6,25,68,0
6,24,67,0
6,31,66,0
6,38,70,0
6,44,66,0
6,24,71,0
6,28,67,0
6,29,70,0
6,45,73,0
6,51,66,0
6,23,68,0
6,12,68,0
6,55,67,0
6,46,68,0
6,17,67,0
6,13,66,0
6,55,74,0
6,15,66,0
6,26,72,0
6,23,71,0
6,30,66,0
6,21,71,0
6,24,71,0
6,38,67,0
6,17,71,0
6,38,76,0
6,30,66,0
6,38,66,0
6,30,66,0
6,48,75,0
6,37,74,0
6,47,74,0
6,60,74,0
6,29,69,0
6,45,72,0
6,45,68,0
6,34,66,0
6,8,70,0
6,44,66,0
6,32,76,0
6,31,66,0
6,28,70,0
6,41,68,0
6,42,67,0
6,36,69,0
6,23,71,0
6,26,72,0
6,35,76,0
6,34,70,0
6,31,66,0
6,21,66,0
6,55,69,0
6,39,68,0
6,24,73,0
6,21,74,0
6,22,78,0
6,66,65,1
6,41,69,0
6,38,66,0
6,64,66,0
6,38,75,0
6,20,69,0
6,39,67,0
6,62,69,0
6,16,66,0
6,21,66,0
6,52,66,0
6,31,67,0
6,35,69,0
6,29,67,0
6,15,75,0
6,19,66,0
6,11,67,0
6,35,66,0
6,66,70,0
6,20,71,0
6,20,70,0
6,53,68,0
6,27,66,0
6,14,67,0
6,31,66,0
6,39,71,0
6,15,68,0
6,25,74,0
6,24,66,0
6,35,66,0
6,14,66,0
6,24,69,0
6,34,66,0
6,53,68,0
6,38,69,0
6,60,66,0
6,23,66,0
6,37,66,0
6,23,69,0
6,35,72,0
6,21,66,0
6,29,69,0
6,42,66,0
6,27,68,0
6,27,67,0
6,26,69,0
6,11,66,0
6,15,69,0
6,36,73,0
6,51,68,0
6,41,67,0
6,68,63,1
6,42,68,0
6,27,70,0
6,33,66,0
6,34,67,0
6,31,69,0
6,38,68,0
6,26,66,0
6,27,66,0
6,17,71,0
6,14,69,0
6,26,69,0
6,30,66,0
6,35,66,0
6,43,69,0
6,15,70,0
6,24,70,0
6,40,66,0
6,18,66,0
6,25,68,0
6,35,66,0
6,26,67,0
6,30,66,0
6,32,75,0
6,39,70,0
6,37,69,0
6,45,69,0
6,44,67,0
6,26,75,0
6,34,67,0
6,29,68,0
6,27,73,0
6,27,74,0
6,17,79,0
6,33,66,0
6,39,71,0
6,34,66,0
6,26,78,0
6,21,71,0
6,40,66,0
6,34,73,0
6,30,69,0
6,66,66,-1
6,15,66,0
6,27,74,0
6,13,68,0
6,55,69,0
6,12,73,0
6,13,70,0
6,28,68,0
6,20,74,0
6,49,66,0
6,43,72,0
6,45,67,0
6,36,73,0
6,24,66,0
6,42,67,0
6,46,69,0
6,42,68,0
6,22,69,0
6,41,70,0
6,40,67,0
6,60,66,0
6,30,66,0
6,24,68,0
6,56,66,0
6,33,66,0
6,26,75,0
6,25,67,0
6,21,68,0
7,32,71,0
7,67,60,1
7,22,72,0
7,38,67,0
7,37,69,0
7,32,66,0
7,17,69,0
7,19,68,0
7,53,66,0
7,41,69,0
7,22,72,0
7,16,70,0
7,33,66,0
7,45,67,0
7,34,71,0
7,29,72,0
7,41,71,0
7,46,68,0
7,25,68,0
7,33,68,0
7,41,76,0
7,30,66,0
7,35,74,0
7,33,72,0
7,44,69,0
7,17,71,0
7,29,67,0
7,19,68,0
7,49,66,0
7,16,67,0
7,29,68,0
7,43,70,0
7,40,75,0
7,51,75,0
7,50,73,0
7,29,71,0
7,22,79,0
7,27,71,0
7,53,68,0
7,41,74,0
7,10,74,0
7,38,70,0
7,19,72,0
7,20,66,0
7,53,66,0
7,42,67,0
7,29,67,0
7,45,70,0
7,5,69,0
7,13,67,0
7,32,73,0
7,40,72,0
7,69,65,1
7,12,67,0
7,25,71,0
7,24,68,0
7,23,67,0
7,22,71,0
7,26,67,0
7,20,72,0
7,44,67,0
7,26,66,0
7,39,71,0
7,32,71,0
7,45,69,0
7,36,71,0
7,46,74,0
7,32,67,0
7,19,72,0
7,34,69,0
7,20,67,0
7,29,68,0
7,7,77,0
7,44,68,0
7,16,66,0
7,46,67,0
7,15,73,0
7,33,66,0
7,17,68,0
7,48,69,0
7,28,71,0
7,16,67,0
7,9,67,0
7,16,66,0
7,28,67,0
7,20,68,0
7,43,75,0
7,24,72,0
7,27,67,0
7,59,77,0
7,63,66,0
7,41,78,0
7,21,70,0
7,49,66,0
7,41,69,0
7,43,67,0
7,28,66,0
7,27,69,0
7,41,67,0
7,24,68,0
7,19,67,0
7,48,67,0
7,22,68,0
7,37,75,0
7,38,72,0
7,34,70,0
7,59,67,0
7,33,68,0
7,19,70,0
7,42,70,0
7,28,70,0
7,22,67,0
7,17,68,0
7,44,71,0
7,17,66,0
7,45,66,0
7,48,66,0
7,15,68,0
7,24,68,0
7,26,73,0
7,16,68,0
7,14,74,0
7,23,68,0
7,41,67,0
7,7,69,0
7,32,69,0
7,60,76,0
7,46,79,0
7,25,68,0
7,50,68,0
7,38,67,0
7,29,74,0
7,19,73,0
7,27,68,0
7,27,66,0
7,26,70,0
7,23,66,0
7,29,66,0
7,39,66,0
7,46,66,0
7,16,71,0
7,28,70,0
7,23,76,0
7,17,67,0
7,59,66,0
7,37,66,0
7,16,67,0
7,54,66,0
7,31,69,0
7,48,66,0
7,13,66,0
7,44,73,0
7,33,67,0
7,42,74,0
7,36,75,0
7,8,66,0
7,45,74,0
7,24,70,0
7,70,66,1
7,43,68,0
7,27,73,0
7,20,71,0
7,17,68,0
7,37,69,0
7,59,71,0
7,44,73,0
7,24,78,0
7,14,67,0
7,45,68,0
7,29,67,0
7,31,66,0
7,36,73,0
7,51,66,0
7,23,67,0
7,50,71,0
7,15,69,0
7,43,66,0
7,36,74,0
7,18,72,0
7,72,51,1
7,37,66,0
7,32,66,0
7,33,73,0
7,30,66,0
7,38,66,0
7,46,66,0
7,23,74,0
7,11,69,0
7,34,67,0
7,43,68,0
7,43,66,0
7,28,72,0
7,75,64,1
7,45,67,0
7,31,75,0
7,46,69,0
7,34,66,0
7,31,68,0
7,37,70,0
7,49,66,0
7,62,66,0
7,13,66,0
7,54,70,0
7,34,70,0
7,25,76,0
7,49,71,0
7,56,67,0
7,20,67,0
7,52,66,0
7,42,71,0
7,23,67,0
7,37,73,0
7,40,75,0
7,16,68,0
7,17,66,0
7,33,70,0
7,55,72,0
7,35,67,0
7,24,76,0
7,39,66,0
7,13,67,0
7,45,69,0
7,27,72,0
7,51,66,0
7,18,68,0
7,31,68,0
7,34,71,0
7,38,67,0
7,40,66,0
7,34,72,0
7,44,74,0
7,45,67,0
7,24,72,0
7,24,70,0
7,28,71,0
7,42,68,0
7,68,42,1
7,21,67,0
7,14,67,0
7,23,70,0
7,40,66,0
7,13,68,0
7,26,74,0
7,37,68,0
7,36,76,0
7,18,73,0
7,52,71,0
7,38,67,0
7,41,69,0
7,14,72,0
7,11,67,0
7,68,55,1
7,22,68,0
7,46,76,0
7,55,78,0
7,42,67,0
7,27,71,0
7,25,68,0
7,30,71,0
7,46,66,0
7,26,71,0
7,22,70,0
7,37,66,0
7,41,66,0
7,35,70,0
7,16,66,0
7,35,66,0
7,19,66,0
7,18,72,0
7,43,69,0
7,26,68,0
7,48,66,0
7,38,67,0
7,25,73,0
7,37,68,0
7,22,75,0
7,20,67,0
7,64,71,0
7,12,70,0
7,50,67,0
7,53,69,0
7,28,73,0
7,66,51,1
7,35,73,0
7,34,73,0
7,23,68,0
7,35,66,0
7,49,66,0
7,47,70,0
7,37,66,0
7,30,72,0
7,29,74,0
7,43,68,0
7,45,74,0
7,7,67,0
7,6,68,0
7,38,69,0
7,23,66,0
7,38,81,0
7,66,64,1
7,53,72,0
7,52,76,0
7,35,70,0
7,30,69,0
7,50,66,0
7,37,69,0
7,70,59,1
7,71,44,1
7,20,69,0
7,64,69,0
7,16,66,0
7,36,68,0
7,43,69,0
7,29,70,0
7,29,71,0
7,26,82,0
7,31,66,0
7,35,69,0
7,5,67,0
7,54,69,0
7,40,75,0
7,17,66,0
7,32,71,0
7,32,66,0
7,33,69,0
7,36,68,0
7,27,76,0
7,53,68,0
7,59,70,0
7,34,69,0
7,25,66,0
7,27,74,0
7,24,68,0
7,24,66,0
7,25,73,0
7,18,74,0
7,22,71,0
7,55,67,0
7,33,68,0
7,40,72,0
7,34,75,0
7,29,75,0
7,40,69,0
7,31,72,0
7,23,66,0
7,19,69,0
7,16,69,0
7,26,71,0
7,10,67,0
7,30,67,0
7,32,78,0
7,49,66,0
7,16,70,0
7,15,70,0
7,40,67,0
7,40,70,0
7,26,69,0
7,14,66,0
7,36,73,0
7,25,70,0
7,27,71,0
7,46,67,0
7,22,70,0
7,27,66,0
7,38,71,0
7,39,66,0
7,19,73,0
7,23,66,0
7,21,70,0
7,17,70,0
7,38,79,0
7,31,69,0
7,37,69,0
7,20,70,0
7,52,66,0
7,37,66,0
7,38,66,0
7,17,68,0
7,24,70,0
7,50,66,0
7,31,78,0
7,12,68,0
7,37,71,0
7,15,69,0
7,34,76,0
7,9,67,0
7,43,69,0
7,41,67,0
7,59,68,0
7,35,67,0
7,15,67,0
7,50,67,0
7,35,69,0
7,23,67,0
7,30,69,0
7,33,70,0
7,17,66,0
7,27,74,0
7,24,70,0
7,8,66,0
7,21,66,0
7,28,72,0
7,60,84,0
7,27,67,0
7,26,68,0
7,30,67,0
7,47,69,0
7,20,71,0
7,27,67,0
7,21,67,0
7,20,70,0
7,29,75,0
7,52,82,0
7,18,67,0
7,49,66,0
7,58,67,0
7,49,68,0
7,36,67,0
7,32,71,0
7,44,75,0
7,13,67,0
7,27,67,0
7,39,68,0
7,23,66,0
7,52,73,0
7,50,71,0
7,36,71,0
7,28,66,0
7,30,67,0
7,32,66,0
7,26,72,0
7,54,67,0
7,47,72,0
7,62,70,0
7,32,73,0
7,16,69,0
7,17,66,0
7,64,67,0
7,32,75,0
7,71,64,1
7,46,70,0
7,33,75,0
7,27,67,0
7,28,68,0
7,38,66,0
7,18,68,0
7,20,69,0
7,31,70,0
7,16,69,0
7,36,79,0
7,44,78,0
7,32,69,0
7,25,73,0
7,47,67,0
7,21,69,0
7,29,70,0
7,29,69,0
7,43,67,0
7,20,68,0
7,30,66,0
7,32,69,0
7,41,67,0
7,29,71,0
7,66,54,1
7,34,69,0
7,57,71,0
7,27,73,0
7,38,70,0
7,24,66,0
7,33,74,0
7,52,77,0
7,18,76,0
7,40,74,0
7,45,73,0
7,24,66,0
7,26,70,0
7,50,69,0
7,25,70,0
7,65,73,0
7,42,70,0
7,47,68,0
7,58,75,0
7,40,68,0
7,51,71,0
7,33,66,0
7,74,53,1
7,28,75,0
7,61,68,0
7,19,75,0
7,33,67,0
7,42,69,0
7,23,69,0
7,43,66,0
7,45,67,0
7,66,52,1
7,33,70,0
7,52,68,0
7,25,70,0
7,43,76,0
7,48,68,0
7,16,66,0
7,19,70,0
7,26,75,0
7,56,72,0
7,29,66,0
7,34,68,0
7,46,67,0
7,11,66,0
7,65,67,0
7,33,73,0
7,30,68,0
7,38,68,0
7,31,70,0
7,21,66,0
7,58,66,0
7,29,67,0
7,41,66,0
7,50,68,0
7,18,67,0
7,23,69,0
7,40,67,0
7,48,66,0
7,62,70,0
7,25,69,0
7,10,67,0
7,33,72,0
7,26,72,0
7,33,68,0
7,23,73,0
7,67,49,1
7,23,69,0
7,74,64,1
7,40,67,0
7,17,66,0
7,45,68,0
7,33,68,0
7,17,67,0
7,24,66,0
7,25,68,0
7,22,74,0
7,30,70,0
7,30,67,0
7,27,67,0
7,16,76,0
7,27,73,0
7,29,66,0
7,8,73,0
7,41,66,0
7,18,68,0
7,32,72,0
7,40,68,0
7,60,68,0
7,31,68,0
7,16,67,0
7,46,69,0
7,13,67,0
7,25,67,0
7,56,67,0
7,36,70,0
7,25,67,0
7,24,66,0
7,40,72,0
7,40,67,0
7,35,68,0
7,24,67,0
7,55,68,0
7,35,67,0
7,32,69,0
7,24,67,0
7,17,68,0
7,19,74,0
7,19,68,0
7,28,69,0
7,19,72,0
7,10,67,0
7,44,68,0
7,23,67,0
7,44,70,0
7,23,66,0
7,67,61,1
7,18,71,0
7,36,71,0
7,20,68,0
7,51,66,0
7,49,69,0
7,40,74,0
7,25,68,0
7,32,66,0
7,21,68,0
7,47,74,0
7,34,67,0
7,21,68,0
7,39,70,0
7,45,70,0
7,27,66,0
7,23,73,0
7,51,66,0
7,37,67,0
7,13,72,0
7,21,67,0
7,18,71,0
7,36,73,0
7,12,78,0
7,34,68,0
7,49,70,0
7,34,67,0
7,35,67,0
7,31,71,0
7,13,72,0
7,49,74,0
7,21,70,0
7,35,66,0
7,38,68,0
7,47,70,0
7,35,66,0
7,14,71,0
7,13,75,0
7,51,72,0
7,16,68,0
7,46,71,0
7,17,68,0
7,18,70,0
7,32,76,0
7,34,72,0
7,21,74,0
7,44,68,0
7,29,73,0
7,35,66,0
7,17,66,0
7,37,69,0
7,27,73,0
7,44,67,0
7,64,70,0
7,16,67,0
7,32,67,0
7,37,66,0
7,13,67,0
7,37,66,0
7,35,68,0
7,10,66,0
7,26,66,0
7,58,68,0
7,27,69,0
7,55,70,0
7,5,70,0
7,39,66,0
7,22,66,0
7,29,69,0
7,32,70,0
7,24,72,0
7,39,74,0
7,28,71,0
7,28,66,0
7,44,77,0
7,46,69,0
7,31,69,0
7,28,71,0
7,56,87,0
7,40,67,0
7,46,71,0
7,22,66,0
7,51,73,0
7,37,78,0
7,43,66,0
7,32,72,0
7,40,66,0
7,24,67,0
7,8,76,0
7,14,69,0
7,39,68,0
7,70,46,1
7,55,69,0
7,40,74,0
7,38,66,0
7,34,69,0
7,45,75,0
7,33,71,0
7,33,68,0
7,12,75,0
7,28,69,0
7,27,69,0
7,57,66,0
7,25,66,0
7,45,74,0
7,36,69,0
7,23,68,0
7,31,67,0
7,38,66,0
7,24,76,0
7,45,67,0
7,31,66,0
7,12,66,0
7,27,68,0
7,41,68,0
7,32,66,0
7,66,53,1
7,14,69,0
7,23,74,0
7,30,72,0
7,29,66,0
7,28,70,0
7,24,66,0
7,55,67,0
7,55,70,0
7,57,68,0
7,10,70,0
7,17,69,0
7,31,68,0
7,39,76,0
7,40,68,0
7,38,80,0
7,52,69,0
7,23,70,0
7,54,66,0
7,40,69,0
7,32,71,0
7,10,70,0
7,18,68,0
7,26,72,0
7,18,68,0
7,31,70,0
7,44,68,0
7,19,71,0
7,39,72,0
7,30,71,0
7,36,69,0
7,57,72,0
7,10,70,0
7,32,68,0
7,56,69,0
7,35,69,0
7,45,70,0
7,18,71,0
7,20,69,0
7,15,68,0
7,34,67,0
7,12,66,0
7,28,67,0
7,55,75,0
7,32,72,0
7,24,67,0
7,37,67,0
7,60,67,0
7,70,62,1
7,25,67,0
7,40,66,0
7,19,76,0
7,15,66,0
7,28,66,0
7,67,59,1
7,70,65,1
7,25,66,0
7,42,66,0
7,34,69,0
7,60,67,0
7,52,71,0
7,22,67,0
7,37,66,0
7,63,69,0
7,15,67,0
7,19,67,0
7,40,71,0
7,61,67,0
7,14,71,0
7,36,75,0
7,60,70,0
7,61,68,0
7,51,67,0
7,21,69,0
7,45,69,0
7,62,66,0
7,31,67,0
7,38,70,0
7,20,71,0
7,57,66,0
7,52,71,0
7,47,75,0
7,22,70,0
7,53,66,0
7,13,68,0
7,41,66,0
7,53,69,0
7,19,69,0
7,24,68,0
7,37,71,0
7,30,70,0
7,35,72,0
7,62,66,0
7,42,67,0
7,40,72,0
7,20,69,0
7,30,72,0
7,41,68,0
7,17,67,0
7,20,70,0
7,31,78,0
7,24,67,0
7,35,81,0
7,48,66,0
7,45,69,0
7,25,70,0
7,68,62,1
7,34,66,0
7,58,66,0
7,50,66,0
7,19,67,0
7,14,66,0
7,42,72,0
7,27,76,0
7,40,67,0
7,34,68,0
7,35,67,0
7,48,68,0
7,21,75,0
7,59,71,0
7,30,69,0
7,43,66,0
7,40,68,0
7,27,67,0
7,54,75,0
7,34,68,0
7,17,66,0
7,38,74,0
7,46,66,0
7,4,66,0
7,39,68,0
7,36,67,0
7,22,80,0
7,35,71,0
7,37,66,0
7,39,70,0
7,24,67,0
7,25,67,0
7,18,69,0
7,23,72,0
7,28,71,0
7,43,67,0
7,67,62,1
7,20,71,0
7,60,74,0
7,33,71,0
7,20,69,0
7,40,67,0
7,18,81,0
7,26,69,0
7,38,68,0
7,50,72,0
7,38,68,0
7,25,69,0
7,45,83,0
7,43,81,0
7,20,74,0
7,16,67,0
7,54,66,0
7,20,67,0
7,22,66,0
7,37,67,0
7,43,66,0
7,49,66,0
7,39,70,0
7,26,67,0
7,22,66,0
7,39,66,0
7,12,68,0
7,24,75,0
7,36,67,0
7,49,74,0
7,13,76,0
7,29,66,0
7,39,72,0
7,38,68,0
7,52,68,0
7,30,66,0
7,58,66,0
7,70,66,1
7,12,81,0
7,20,67,0
7,30,67,0
7,45,73,0
7,24,66,0
7,20,76,0
7,58,79,0
7,26,67,0
7,29,66,0
7,34,67,0
7,62,74,0
7,40,69,0
7,44,78,0
7,26,69,0
7,27,66,0
7,46,69,0
7,30,69,0
7,17,72,0
7,40,69,0
7,47,72,0
7,29,67,0
7,48,70,0
7,22,72,0
7,14,77,0
7,48,67,0
7,25,68,0
7,46,71,0
7,31,75,0
7,55,72,0
7,41,67,0
7,63,68,0
7,56,74,0
7,55,66,0
7,60,68,0
7,30,66,0
7,22,71,0
7,37,72,0
7,10,72,0
7,31,68,0
7,14,66,0
7,27,67,0
7,15,71,0
7,32,67,0
7,26,71,0
7,19,70,0
7,33,66,0
7,59,71,0
7,33,66,0
7,36,73,0
7,54,68,0
7,68,61,1
7,35,78,0
7,14,79,0
7,43,67,0
7,50,67,0
7,53,69,0
7,52,67,0
7,54,71,0
7,26,73,0
7,39,66,0
7,34,68,0
7,31,73,0
7,35,75,0
7,25,69,0
7,6,67,0
7,14,77,0
7,21,66,0
7,44,67,0
7,43,67,0
7,36,78,0
7,27,67,0
7,44,67,0
7,12,70,0
7,23,79,0
7,38,71,0
7,30,69,0
7,35,69,0
7,24,75,0
7,19,74,0
7,26,67,0
7,24,66,0
7,31,71,0
7,40,76,0
7,20,68,0
7,30,68,0
7,21,66,0
7,62,67,0
7,57,66,0
7,26,67,0
7,39,66,0
7,48,67,0
7,54,68,0
7,24,70,0
7,31,73,0
7,49,66,0
7,52,68,0
7,39,66,0
7,36,66,0
7,58,67,0
7,44,69,0
7,17,70,0
7,37,79,0
7,33,71,0
7,18,66,0
7,33,71,0
7,31,72,0
7,37,75,0
7,68,68,-1
7,34,66,0
7,30,71,0
7,34,72,0
7,43,70,0
7,43,79,0
7,32,71,0
7,45,67,0
7,32,73,0
7,20,81,0
7,57,71,0
7,15,68,0
7,28,70,0
7,32,73,0
7,23,74,0
7,25,80,0
7,48,70,0
8,42,66,0
8,53,75,0
8,11,68,0
8,54,72,0
8,74,66,1
8,17,66,0
8,45,66,0
8,47,76,0
8,54,82,0
8,23,72,0
8,54,71,0
8,20,76,0
8,16,67,0
8,22,69,0
8,48,71,0
8,9,72,0
8,42,66,0
8,61,76,0
8,63,67,0
8,13,74,0
8,23,66,0
8,16,71,0
8,41,66,0
8,29,82,0
8,37,70,0
8,44,77,0
8,30,72,0
8,39,69,0
8,24,73,0
8,25,67,0
8,68,49,1
8,51,67,0
8,42,70,0
8,46,68,0
8,54,68,0
8,34,66,0
8,30,70,0
8,18,74,0
8,43,66,0
8,66,55,1
8,35,69,0
8,66,58,1
8,64,75,0
8,31,67,0
8,28,77,0
8,11,69,0
8,18,68,0
8,59,67,0
8,41,88,0
8,20,69,0
8,51,66,0
8,32,67,0
8,41,72,0
8,39,67,0
8,23,71,0
8,33,67,0
8,72,70,1
8,26,66,0
8,35,68,0
8,44,69,0
8,35,71,0
8,47,73,0
8,31,74,0
8,27,73,0
8,47,69,0
8,36,70,0
8,63,69,0
8,29,73,0
8,29,73,0
8,48,73,0
8,29,77,0
8,49,68,0
8,55,70,0
8,28,71,0
8,54,67,0
8,38,68,0
8,25,66,0
8,58,68,0
8,48,71,0
8,43,76,0
8,20,70,0
8,43,71,0
8,25,67,0
8,54,66,0
8,27,79,0
8,56,66,0
8,70,62,1
8,20,67,0
8,49,66,0
8,43,71,0
8,47,66,0
8,46,74,0
8,14,69,0
8,19,74,0
8,58,71,0
8,58,73,0
8,40,76,0
8,30,66,0
8,12,67,0
8,21,68,0
8,29,68,0
8,34,66,0
8,29,70,0
8,17,66,0
8,32,76,0
8,36,66,0
8,21,66,0
8,42,69,0
8,58,70,0
8,37,72,0
8,30,66,0
8,27,70,0
8,21,67,0
8,40,66,0
8,38,66,0
8,25,78,0
8,50,69,0
8,31,76,0
8,35,66,0
8,56,67,0
8,64,68,0
8,37,66,0
8,24,72,0
8,52,71,0
8,9,72,0
8,48,69,0
8,27,66,0
8,49,68,0
8,47,70,0
8,66,63,1
8,78,65,1
8,21,71,0
8,66,65,1
8,37,78,0
8,21,67,0
8,45,67,0
8,26,72,0
8,23,73,0
8,29,68,0
8,43,66,0
8,32,66,0
8,21,66,0
8,44,71,0
8,67,55,1
8,37,66,0
8,34,68,0
8,57,72,0
8,41,71,0
8,14,79,0
8,29,76,0
8,30,69,0
8,46,67,0
8,58,66,0
8,48,67,0
8,20,68,0
8,42,66,0
8,47,74,0
8,58,67,0
8,24,66,0
8,38,67,0
8,51,67,0
8,35,76,0
8,30,75,0
8,41,71,0
8,32,74,0
8,50,69,0
8,17,68,0
8,27,67,0
8,24,66,0
8,33,70,0
8,52,66,0
8,34,81,0
8,31,72,0
8,38,72,0
8,10,67,0
8,30,67,0
8,32,68,0
8,26,69,0
8,28,66,0
8,16,66,0
8,55,76,0
8,31,67,0
8,34,66,0
8,28,66,0
8,24,77,0
8,15,66,0
8,18,73,0
8,17,78,0
8,41,67,0
8,33,74,0
8,21,71,0
8,36,66,0
8,68,51,1
8,40,70,0
8,48,74,0
8,29,80,0
8,15,74,0
8,31,72,0
8,38,66,0
8,30,67,0
8,37,66,0
8,66,36,1
8,44,69,0
8,32,73,0
8,48,82,0
8,31,67,0
8,66,70,0
8,34,69,0
8,40,70,0
8,34,71,0
8,42,67,0
8,63,76,0
8,31,67,0
8,26,66,0
8,69,63,1
8,49,70,0
8,34,66,0
8,40,69,0
8,30,68,0
8,32,74,0
8,46,68,0
8,27,73,0
8,34,71,0
8,24,72,0
8,35,69,0
8,19,67,0
8,19,66,0
8,39,68,0
8,34,68,0
8,34,72,0
8,22,72,0
8,37,66,0
8,61,66,0
8,48,70,0
8,17,66,0
8,31,67,0
8,28,66,0
8,66,43,1
8,43,68,0
8,67,48,1
8,28,68,0
8,35,67,0
8,27,67,0
8,38,67,0
8,69,34,1
8,37,75,0
8,37,71,0
8,31,70,0
8,58,73,0
8,73,54,1
8,33,71,0
8,21,67,0
8,47,73,0
8,48,69,0
8,49,67,0
8,69,49,1
8,18,69,0
8,52,66,0
8,42,67,0
8,68,63,1
8,47,73,0
8,46,69,0
8,45,76,0
8,40,71,0
8,56,74,0
8,23,67,0
8,22,69,0
8,43,69,0
8,42,66,0
8,51,67,0
8,42,66,0
8,46,76,0
8,34,66,0
8,46,68,0
8,27,66,0
8,32,68,0
8,24,68,0
8,10,66,0
8,29,77,0
8,17,66,0
8,47,72,0
8,22,76,0
8,23,69,0
8,72,43,1
8,24,85,0
8,31,68,0
8,58,67,0
8,24,75,0
8,49,75,0
8,40,67,0
8,15,71,0
8,72,60,1
8,38,67,0
8,59,68,0
8,42,69,0
8,29,66,0
8,42,70,0
8,13,70,0
8,17,67,0
8,52,68,0
8,21,75,0
8,9,66,0
8,50,72,0
8,65,69,0
8,64,70,0
8,57,66,0
8,41,69,0
8,25,69,0
8,63,66,0
8,30,67,0
8,23,66,0
8,13,76,0
8,21,67,0
8,46,74,0
8,36,69,0
8,9,69,0
8,49,80,0
8,45,66,0
8,52,66,0
8,17,66,0
8,9,73,0
8,72,49,1
8,73,70,1
8,11,68,0
8,22,68,0
8,49,72,0
8,50,70,0
8,59,70,0
8,44,67,0
8,21,67,0
8,19,71,0
8,36,69,0
8,38,85,0
8,47,76,0
8,8,72,0
8,28,68,0
8,17,67,0
8,25,67,0
8,39,68,0
8,52,68,0
8,41,76,0
8,38,66,0
8,33,73,0
8,6,72,0
8,16,66,0
8,46,70,0
8,20,73,0
8,13,74,0
8,32,73,0
8,22,74,0
8,56,68,0
8,27,73,0
8,49,79,0
8,44,66,0
8,65,68,0
8,21,70,0
8,32,68,0
8,73,54,1
8,61,75,0
8,23,68,0
8,21,71,0
8,35,75,0
8,47,70,0
8,41,70,0
8,45,69,0
8,48,68,0
8,36,70,0
8,14,68,0
8,37,71,0
8,30,70,0
8,22,71,0
8,31,69,0
8,31,68,0
8,38,68,0
8,37,79,0
8,18,70,0
8,30,67,0
8,36,68,0
8,75,61,1
8,26,69,0
8,48,71,0
8,29,76,0
8,54,68,0
8,40,69,0
8,74,66,1
8,49,68,0
8,32,66,0
8,67,54,1
8,66,67,0
8,14,70,0
8,54,67,0
8,10,66,0
8,41,77,0
8,16,66,0
8,42,68,0
8,38,68,0
8,27,73,0
8,25,75,0
8,57,70,0
8,31,68,0
8,68,54,1
8,38,66,0
8,45,74,0
8,24,77,0
8,37,66,0
8,28,67,0
8,36,67,0
8,22,66,0
8,61,72,0
8,12,71,0
8,36,67,0
8,25,71,0
8,29,69,0
8,29,77,0
8,43,67,0
8,43,67,0
8,32,67,0
8,48,66,0
8,69,48,1
8,8,66,0
8,26,68,0
8,54,68,0
8,30,73,0
8,44,72,0
8,33,71,0
8,26,68,0
8,31,78,0
8,34,76,0
8,37,71,0
8,53,69,0
8,18,68,0
8,41,73,0
8,61,66,0
8,43,70,0
8,52,66,0
8,8,67,0
8,32,67,0
8,24,68,0
8,40,72,0
8,32,72,0
8,32,78,0
8,60,71,0
8,35,69,0
8,38,73,0
8,26,66,0
8,12,67,0
8,16,78,0
8,33,68,0
8,40,74,0
8,68,62,1
8,54,80,0
8,38,75,0
8,38,69,0
8,15,70,0
8,28,69,0
8,23,85,0
8,9,73,0
8,28,69,0
8,40,71,0
8,57,69,0
8,49,67,0
8,21,67,0
8,68,65,1
8,42,72,0
8,67,76,0
8,43,68,0
8,19,67,0
8,14,82,0
8,41,66,0
8,27,66,0
8,63,73,0
8,38,68,0
8,27,66,0
8,67,60,1
8,24,68,0
8,39,68,0
8,33,68,0
8,47,66,0
8,48,74,0
8,30,66,0
8,24,83,0
8,29,74,0
8,26,66,0
8,31,70,0
8,41,67,0
8,26,67,0
8,45,69,0
8,35,66,0
8,21,73,0
8,29,67,0
8,49,70,0
8,36,72,0
8,57,74,0
8,15,69,0
8,27,70,0
8,35,66,0
8,34,67,0
8,8,68,0
8,46,69,0
8,22,73,0
8,39,69,0
8,66,59,1
8,49,66,0
8,34,67,0
8,24,71,0
8,11,69,0
8,51,70,0
8,13,78,0
8,42,70,0
8,75,54,1
8,41,66,0
8,56,67,0
8,26,67,0
8,48,68,0
8,36,77,0
8,20,69,0
8,63,66,0
8,53,73,0
8,51,70,0
8,35,66,0
8,16,75,0
8,46,66,0
8,69,56,1
8,28,69,0
8,34,67,0
8,43,72,0
8,44,67,0
8,28,67,0
8,34,67,0
8,18,66,0
8,46,70,0
8,44,73,0
8,53,66,0
8,27,75,0
8,39,71,0
8,30,72,0
8,17,66,0
8,24,72,0
8,57,66,0
8,15,66,0
8,49,73,0
8,29,71,0
8,51,70,0
8,35,68,0
8,67,53,1
8,6,75,0
8,17,68,0
8,39,67,0
8,6,66,0
8,62,71,0
8,41,78,0
8,7,67,0
8,46,69,0
8,42,75,0
8,35,66,0
8,40,77,0
8,70,65,1
8,36,72,0
8,59,76,0
8,10,66,0
8,37,74,0
8,13,67,0
8,49,77,0
8,28,67,0
8,45,77,0
8,57,70,0
8,22,70,0
8,11,67,0
8,37,73,0
8,40,66,0
8,36,79,0
8,59,67,0
8,8,68,0
8,44,68,0
8,59,73,0
8,24,70,0
8,29,70,0
8,44,68,0
8,66,60,1
8,54,67,0
8,38,71,0
8,13,67,0
8,21,67,0
8,30,70,0
8,41,74,0
8,34,66,0
8,36,77,0
8,60,77,0
8,55,79,0
8,42,72,0
8,30,72,0
8,50,66,0
8,40,71,0
8,39,77,0
8,43,66,0
8,5,68,0
8,19,66,0
8,58,70,0
8,25,68,0
8,42,66,0
8,24,66,0
8,22,69,0
8,22,75,0
8,12,67,0
8,53,77,0
8,25,72,0
8,48,70,0
8,28,67,0
8,32,73,0
8,32,69,0
8,59,69,0
8,18,70,0
8,20,66,0
8,33,66,0
8,40,67,0
8,63,67,0
8,28,69,0
8,63,79,0
8,48,78,0
8,34,71,0
8,39,70,0
8,58,70,0
8,34,67,0
8,26,70,0
8,38,66,0
8,27,70,0
8,72,70,1
8,32,69,0
8,43,75,0
8,22,67,0
8,32,73,0
8,41,67,0
8,35,67,0
8,50,66,0
8,52,66,0
8,21,70,0
8,54,68,0
8,46,66,0
8,17,67,0
8,17,67,0
8,67,71,0
8,42,67,0
8,62,74,0
8,28,73,0
8,37,66,0
8,27,66,0
8,67,58,1
8,17,73,0
8,42,67,0
8,13,66,0
8,44,71,0
8,17,74,0
8,27,70,0
8,43,79,0
8,50,66,0
8,70,67,1
8,34,68,0
8,55,67,0
8,41,66,0
8,13,67,0
8,46,68,0
8,24,74,0
8,48,69,0
8,59,68,0
8,14,69,0
8,61,67,0
8,41,68,0
8,26,67,0
8,72,58,1
8,29,78,0
8,19,66,0
8,30,68,0
8,31,73,0
8,29,67,0
8,44,74,0
8,66,69,0
8,22,67,0
8,21,72,0
8,32,66,0
8,64,68,0
8,31,67,0
8,21,67,0
8,32,66,0
8,37,66,0
8,31,70,0
8,49,73,0
8,23,67,0
8,17,83,0
8,29,70,0
8,37,71,0
8,34,74,0
8,70,32,1
8,38,68,0
8,34,68,0
8,23,66,0
8,49,73,0
8,33,83,0
8,11,77,0
8,30,69,0
8,21,71,0
8,66,64,1
8,46,75,0
8,23,66,0
8,32,69,0
8,28,82,0
8,43,68,0
8,61,78,0
8,19,68,0
8,30,69,0
8,9,66,0
8,37,67,0
8,43,67,0
8,29,67,0
8,39,67,0
8,29,67,0
8,29,69,0
8,18,71,0
8,28,68,0
8,53,68,0
8,32,76,0
8,68,70,0
8,37,72,0
8,51,67,0
8,68,63,1
8,46,66,0
8,13,66,0
8,24,73,0
8,16,69,0
8,43,69,0
8,43,66,0
8,31,66,0
8,59,72,0
8,22,69,0
8,20,72,0
8,23,67,0
8,50,70,0
8,68,63,1
8,34,68,0
8,54,66,0
8,18,69,0
8,25,68,0
8,42,67,0
8,66,39,1
8,33,81,0
8,33,72,0
8,39,71,0
8,34,73,0
8,25,68,0
8,50,71,0
8,50,69,0
8,31,80,0
8,28,72,0
8,33,68,0
8,39,73,0
8,67,68,0
8,25,68,0
8,20,70,0
8,37,67,0
8,22,77,0
8,68,64,1
8,68,56,1
8,39,69,0
8,61,66,0
8,31,66,0
8,54,71,0
8,18,72,0
8,15,69,0
8,38,74,0
8,27,72,0
8,27,68,0
8,19,67,0
8,49,67,0
8,25,73,0
8,32,71,0
8,20,73,0
8,28,67,0
8,45,76,0
8,48,73,0
8,29,73,0
8,46,68,0
8,78,28,1
8,65,71,0
8,43,79,0
8,38,70,0
8,65,69,0
8,41,67,0
8,47,71,0
8,69,70,0
8,41,67,0
8,24,71,0
8,33,70,0
8,33,66,0
8,68,36,1
8,58,73,0
8,52,75,0
8,25,66,0
8,37,66,0
8,58,73,0
8,52,70,0
8,50,68,0
8,67,10,1
8,19,71,0
8,32,69,0
8,37,70,0
8,68,43,1
8,18,78,0
8,17,76,0
8,26,66,0
8,10,69,0
8,17,67,0
8,34,69,0
8,6,74,0
8,42,66,0
8,49,68,0
8,15,81,0
8,26,72,0
8,52,68,0
8,41,70,0
8,32,69,0
8,15,69,0
8,26,67,0
8,69,63,1
8,52,66,0
8,44,67,0
8,54,75,0
8,34,84,0
8,15,68,0
8,27,73,0
8,22,70,0
8,71,51,1
8,29,66,0
8,42,66,0
8,9,67,0
8,23,68,0
8,32,70,0
8,29,71,0
8,65,66,0
8,65,68,0
8,37,73,0
8,40,78,0
8,60,72,0
8,23,68,0
8,23,68,0
8,45,68,0
8,43,71,0
8,23,73,0
8,17,66,0
8,29,74,0
8,72,55,1
8,42,70,0
8,68,64,1
8,44,77,0
8,27,70,0
8,19,70,0
8,28,66,0
8,26,73,0
8,32,66,0
8,13,74,0
8,50,74,0
8,26,69,0
8,31,68,0
8,46,73,0
8,32,67,0
8,22,67,0
8,29,66,0
8,28,67,0
8,30,71,0
8,40,73,0
8,34,70,0
8,26,71,0
8,18,71,0
8,19,77,0
8,39,75,0
8,45,67,0
8,42,68,0
8,50,66,0
8,11,66,0
8,19,66,0
8,31,71,0
8,40,70,0
8,34,68,0
8,31,73,0
8,42,66,0
8,11,73,0
8,22,67,0
8,43,71,0
8,34,77,0
8,21,66,0
8,32,69,0
8,38,68,0
8,27,69,0
8,38,71,0
8,12,82,0
8,58,69,0
8,36,70,0
8,37,73,0
8,45,71,0
8,32,74,0
8,18,75,0
8,30,79,0
8,51,72,0
8,39,67,0
8,29,75,0
8,43,67,0
8,54,75,0
8,22,73,0
8,62,68,0
8,41,66,0
8,26,69,0
8,24,66,0
8,49,68,0
8,43,68,0
8,33,73,0
8,38,80,0
8,18,69,0
8,21,67,0
8,41,67,0
8,39,69,0
8,34,77,0
8,34,66,0
8,35,66,0
8,40,71,0
8,48,72,0
8,42,68,0
8,32,70,0
8,41,73,0
8,47,67,0
8,29,73,0
8,80,66,1
8,49,68,0
8,43,72,0
8,19,68,0
8,39,68,0
8,18,67,0
8,18,68,0
8,26,71,0
8,40,68,0
8,68,41,1
8,20,73,0
8,23,66,0
8,31,76,0
8,54,68,0
8,42,67,0
8,19,76,0
8,29,68,0
8,34,66,0
8,57,69,0
8,66,64,1
8,22,68,0
8,33,75,0
8,41,67,0
8,39,73,0
8,40,66,0
8,57,69,0
8,6,68,0
8,9,72,0
8,24,66,0
8,20,71,0
8,34,79,0
8,61,69,0
8,47,72,0
8,14,73,0
8,59,67,0
8,68,52,1
8,23,66,0
8,50,78,0
8,21,66,0
8,73,74,0
8,18,76,0
8,26,74,0
8,28,68,0
8,26,70,0
8,52,70,0
8,28,66,0
8,25,66,0
8,23,69,0
8,42,81,0
8,52,66,0
8,31,68,0
8,34,69,0
8,28,75,0
8,39,73,0
8,66,61,1
8,34,66,0
8,27,66,0
8,32,70,0
8,36,67,0
8,17,67,0
8,44,71,0
8,28,72,0
8,23,66,0
8,24,71,0
8,36,79,0
8,30,71,0
8,42,68,0
8,46,70,0
8,19,68,0
8,38,68,0
8,56,67,0
9,67,47,1
9,7,68,0
9,47,73,0
9,31,71,0
9,39,70,0
9,21,73,0
9,25,70,0
9,48,72,0
9,47,72,0
9,40,67,0
9,6,68,0
9,66,58,1
9,52,66,0
9,29,78,0
9,53,74,0
9,65,78,0
9,74,47,1
9,46,72,0
9,23,70,0
9,35,72,0
9,26,70,0
9,59,72,0
9,73,55,1
9,33,70,0
9,19,66,0
9,45,68,0
9,17,72,0
9,23,73,0
9,50,66,0
9,48,73,0
9,24,68,0
9,46,73,0
9,38,66,0
9,68,49,1
9,30,66,0
9,37,67,0
9,43,67,0
9,28,69,0
9,31,81,0
9,33,69,0
9,37,70,0
9,36,70,0
9,19,66,0
9,40,72,0
9,31,69,0
9,48,68,0
9,34,72,0
9,44,73,0
9,15,67,0
9,51,68,0
9,65,66,0
9,21,67,0
9,33,68,0
9,29,71,0
9,15,69,0
9,18,71,0
9,41,67,0
9,58,70,0
9,46,69,0
9,31,69,0
9,41,67,0
9,39,72,0
9,17,68,0
9,66,73,0
9,32,71,0
9,55,75,0
9,67,64,1
9,8,69,0
9,23,70,0
9,23,69,0
9,25,70,0
9,68,41,1
9,19,66,0
9,57,72,0
9,50,66,0
9,16,67,0
9,48,69,0
9,16,74,0
9,65,70,0
9,22,77,0
9,32,66,0
9,15,66,0
9,16,75,0
9,46,67,0
9,22,69,0
9,10,75,0
9,25,68,0
9,55,68,0
9,40,66,0
9,60,71,0
9,28,74,0
9,54,66,0
9,29,73,0
9,64,76,0
9,62,77,0
9,69,64,1
9,47,74,0
9,32,71,0
9,23,79,0
9,72,70,1
9,44,66,0
9,30,72,0
9,26,69,0
9,68,48,1
9,66,56,1
9,50,72,0
9,15,78,0
9,23,73,0
9,29,69,0
9,21,68,0
9,63,72,0
9,47,76,0
9,25,69,0
9,45,75,0
9,38,68,0
9,26,68,0
9,28,69,0
9,39,66,0
9,11,71,0
9,73,55,1
9,43,68,0
9,41,70,0
9,69,44,1
9,18,68,0
9,37,76,0
9,39,68,0
9,28,70,0
9,60,67,0
9,67,60,1
9,44,68,0
9,36,69,0
9,32,66,0
9,68,78,0
9,25,69,0
9,50,69,0
9,69,47,1
9,22,69,0
9,25,69,0
9,32,78,0
9,34,69,0
9,53,74,0
9,23,67,0
9,27,77,0
9,54,69,0
9,47,73,0
9,54,76,0
9,61,66,0
9,38,71,0
9,24,67,0
9,18,71,0
9,41,67,0
9,38,71,0
9,20,66,0
9,39,69,0
9,25,72,0
9,32,80,0
9,52,74,0
9,53,72,0
9,36,74,0
9,20,69,0
9,38,70,0
9,7,68,0
9,39,71,0
9,38,70,0
9,23,71,0
9,58,69,0
9,37,66,0
9,24,82,0
9,55,69,0
9,24,67,0
9,44,67,0
9,35,67,0
9,47,70,0
9,21,80,0
9,26,74,0
9,46,66,0
9,29,69,0
9,41,71,0
9,11,70,0
9,38,67,0
9,62,73,0
9,46,67,0
9,42,72,0
9,20,67,0
9,15,69,0
9,40,66,0
9,56,82,0
9,15,71,0
9,50,68,0
9,16,73,0
9,18,76,0
9,10,66,0
9,39,74,0
9,32,71,0
9,29,71,0
9,37,67,0
9,53,78,0
9,21,66,0
9,40,71,0
9,66,53,1
9,18,71,0
9,21,66,0
9,31,71,0
9,20,81,0
9,51,74,0
9,40,67,0
9,9,75,0
9,36,67,0
9,37,67,0
9,33,70,0
9,48,72,0
9,25,74,0
9,39,69,0
9,16,68,0
9,70,52,1
9,28,76,0
9,65,72,0
9,34,67,0
9,16,70,0
9,44,66,0
9,40,66,0
9,39,69,0
9,16,68,0
9,52,72,0
9,46,72,0
9,39,82,0
9,20,71,0
9,16,66,0
9,12,69,0
9,13,73,0
9,33,69,0
9,23,68,0
9,24,68,0
9,24,70,0
9,33,73,0
9,12,68,0
9,13,72,0
9,39,72,0
9,26,75,0
9,64,69,0
9,14,76,0
9,37,69,0
9,47,71,0
9,64,66,0
9,27,75,0
9,52,78,0
9,14,68,0
9,28,72,0
9,24,71,0
9,40,67,0
9,27,66,0
9,14,66,0
9,25,67,0
9,26,85,0
9,44,67,0
9,29,66,0
9,29,75,0
9,66,57,1
9,36,66,0
9,49,68,0
9,57,75,0
9,49,66,0
9,48,74,0
9,53,71,0
9,50,75,0
9,9,66,0
9,40,77,0
9,75,62,1
9,11,66,0
9,73,54,1
9,48,71,0
9,58,72,0
9,24,75,0
9,33,72,0
9,41,72,0
9,23,72,0
9,27,67,0
9,14,68,0
9,35,66,0
9,21,66,0
9,74,49,1
9,44,79,0
9,58,69,0
9,42,73,0
9,43,66,0
9,31,72,0
9,52,67,0
9,18,72,0
9,37,80,0
9,28,69,0
9,39,72,0
9,49,71,0
9,29,68,0
9,74,65,1
9,41,73,0
9,19,69,0
9,55,71,0
9,49,71,0
9,31,75,0
9,40,69,0
9,22,72,0
9,20,76,0
9,32,68,0
9,45,67,0
9,68,65,1
9,39,68,0
9,66,64,1
9,41,73,0
9,59,73,0
9,51,68,0
9,33,72,0
9,16,74,0
9,16,68,0
9,75,67,1
9,14,67,0
9,44,73,0
9,68,67,1
9,14,75,0
9,43,85,0
9,41,70,0
9,31,70,0
9,11,72,0
9,23,71,0
9,47,71,0
9,27,69,0
9,30,75,0
9,38,68,0
9,30,67,0
9,26,68,0
9,52,72,0
9,8,67,0
9,23,69,0
9,36,68,0
9,33,75,0
9,51,72,0
9,18,69,0
9,37,77,0
9,9,68,0
9,40,69,0
9,43,70,0
9,12,80,0
9,30,66,0
9,28,68,0
9,25,67,0
9,42,70,0
9,25,70,0
9,31,71,0
9,59,75,0
9,61,70,0
9,32,71,0
9,41,72,0
9,35,74,0
9,40,73,0
9,50,70,0
9,24,72,0
9,49,68,0
9,26,67,0
9,31,86,0
9,31,68,0
9,35,88,0
9,38,71,0
9,21,67,0
9,51,78,0
9,21,69,0
9,18,73,0
9,24,67,0
9,31,74,0
9,58,74,0
9,62,76,0
9,65,70,0
9,36,68,0
9,20,76,0
9,49,78,0
9,50,67,0
9,18,71,0
9,35,81,0
9,11,72,0
9,46,71,0
9,63,68,0
9,30,69,0
9,23,70,0
9,67,58,1
9,66,66,-1
9,27,66,0
9,15,70,0
9,58,69,0
9,34,70,0
9,43,76,0
9,22,66,0
9,48,66,0
9,29,66,0
9,27,66,0
9,59,69,0
9,19,75,0
9,40,67,0
9,20,66,0
9,53,68,0
9,22,70,0
9,15,66,0
9,40,66,0
9,24,67,0
9,21,80,0
9,57,73,0
9,64,70,0
9,49,66,0
9,51,68,0
9,38,69,0
9,46,76,0
9,51,72,0
9,67,48,1
9,31,73,0
9,47,67,0
9,23,66,0
9,37,69,0
9,20,72,0
9,42,75,0
9,36,77,0
9,1,74,0
9,45,71,0
9,26,66,0
9,43,67,0
9,46,69,0
9,23,69,0
9,30,71,0
9,24,77,0
9,12,81,0
9,20,73,0
9,11,66,0
9,28,69,0
9,59,67,0
9,70,67,1
9,42,71,0
9,39,68,0
9,35,68,0
9,24,76,0
9,20,67,0
9,22,66,0
9,11,71,0
9,40,68,0
9,66,42,1
9,38,69,0
9,18,73,0
9,29,73,0
9,10,79,0
9,67,58,1
9,21,69,0
9,25,68,0
9,74,32,1
9,67,73,0
9,24,69,0
9,40,72,0
9,51,72,0
9,48,77,0
9,58,72,0
9,63,70,0
9,19,76,0
9,52,67,0
9,71,69,1
9,63,72,0
9,58,66,0
9,18,71,0
9,38,66,0
9,27,72,0
9,29,74,0
9,40,69,0
9,41,75,0
9,36,77,0
9,43,77,0
9,15,76,0
9,41,75,0
9,40,69,0
9,28,75,0
9,45,71,0
9,25,73,0
9,57,67,0
9,39,69,0
9,32,75,0
9,32,74,0
9,14,68,0
9,17,85,0
9,30,67,0
9,56,67,0
9,22,73,0
9,20,70,0
9,34,80,0
9,68,63,1
9,33,72,0
9,44,69,0
9,40,77,0
9,26,68,0
9,28,79,0
9,40,66,0
9,32,68,0
9,17,71,0
9,31,67,0
9,13,71,0
9,45,68,0
9,28,77,0
9,44,78,0
9,64,67,0
9,44,72,0
9,52,72,0
9,29,68,0
9,39,68,0
9,25,67,0
9,30,74,0
9,17,76,0
9,51,69,0
9,43,75,0
9,36,69,0
9,32,75,0
9,58,74,0
9,37,67,0
9,52,74,0
9,55,68,0
9,66,69,0
9,22,69,0
9,41,67,0
9,51,75,0
9,27,71,0
9,27,77,0
9,11,68,0
9,36,74,0
9,34,68,0
9,15,67,0
9,38,74,0
9,38,72,0
9,40,67,0
9,29,69,0
9,31,68,0
9,52,71,0
9,28,73,0
9,68,55,1
9,26,66,0
9,68,69,0
9,26,81,0
9,48,71,0
9,68,59,1
9,51,66,0
9,39,68,0
9,23,68,0
9,18,85,0
9,34,73,0
9,8,70,0
9,56,69,0
9,27,72,0
9,39,72,0
9,49,67,0
9,32,70,0
9,31,75,0
9,37,68,0
9,9,68,0
9,24,73,0
9,26,77,0
9,21,67,0
9,38,76,0
9,27,66,0
9,38,68,0
9,26,69,0
9,69,30,1
9,68,62,1
9,39,72,0
9,45,70,0
9,5,77,0
9,51,75,0
9,68,68,-1
9,14,70,0
9,24,71,0
9,19,67,0
9,28,78,0
9,11,77,0
9,54,68,0
9,31,70,0
9,32,75,0
9,40,76,0
9,22,72,0
9,28,69,0
9,47,71,0
9,22,66,0
9,66,52,1
9,66,52,1
9,15,69,0
9,47,80,0
9,67,68,0
9,24,83,0
9,42,71,0
9,21,71,0
9,69,59,1
9,56,77,0
9,24,74,0
9,29,72,0
9,14,68,0
9,40,70,0
9,35,71,0
9,34,71,0
9,50,68,0
9,21,75,0
9,32,72,0
9,65,70,0
9,38,72,0
9,23,66,0
9,36,76,0
9,57,67,0
9,24,68,0
9,25,80,0
9,38,68,0
9,42,79,0
9,55,66,0
9,9,83,0
9,45,77,0
9,52,66,0
9,12,72,0
9,69,29,1
9,34,71,0
9,43,68,0
9,5,72,0
9,41,68,0
9,72,65,1
9,66,55,1
9,20,68,0
9,31,68,0
9,21,66,0
9,18,66,0
9,29,70,0
9,50,69,0
9,31,69,0
9,42,77,0
9,46,73,0
9,22,73,0
9,53,74,0
9,36,66,0
9,20,66,0
9,63,77,0
9,47,68,0
9,16,69,0
9,68,56,1
9,67,45,1
9,14,69,0
9,48,67,0
9,12,86,0
9,48,70,0
9,27,69,0
9,36,68,0
9,29,75,0
9,64,71,0
9,68,66,1
9,25,70,0
9,65,80,0
9,70,63,1
9,41,71,0
9,17,68,0
9,12,70,0
9,45,67,0
9,6,73,0
9,28,70,0
9,16,66,0
9,16,78,0
9,52,74,0
9,48,67,0
9,69,48,1
9,37,68,0
9,47,74,0
9,61,73,0
9,31,85,0
9,40,85,0
9,36,69,0
9,50,72,0
9,43,78,0
9,46,82,0
9,23,76,0
9,21,74,0
9,39,74,0
9,28,66,0
9,37,83,0
9,60,67,0
9,45,74,0
9,35,75,0
9,28,69,0
9,59,76,0
9,45,70,0
9,74,65,1
9,38,84,0
9,47,72,0
9,63,73,0
9,55,68,0
9,68,56,1
9,23,66,0
9,17,69,0
9,30,67,0
9,38,79,0
9,23,68,0
9,37,72,0
9,39,70,0
9,27,70,0
9,22,69,0
9,34,69,0
9,23,74,0
9,65,66,0
9,69,67,1
9,22,70,0
9,36,70,0
9,55,71,0
9,26,71,0
9,31,75,0
9,36,72,0
9,46,77,0
9,48,74,0
9,34,67,0
9,46,76,0
9,44,67,0
9,52,73,0
9,7,67,0
9,29,67,0
9,72,65,1
9,64,72,0
9,30,67,0
9,23,74,0
9,30,68,0
9,44,69,0
9,23,73,0
9,57,71,0
9,19,69,0
9,54,68,0
9,35,68,0
9,47,80,0
9,45,66,0
9,69,58,1
9,48,73,0
9,30,66,0
9,66,63,1
9,25,71,0
9,52,73,0
9,37,66,0
9,33,66,0
9,20,73,0
9,20,81,0
9,39,67,0
9,68,61,1
9,18,72,0
9,51,74,0
9,14,66,0
9,68,56,1
9,44,71,0
9,28,68,0
9,51,72,0
9,52,66,0
9,29,68,0
9,28,66,0
9,18,79,0
9,20,69,0
9,28,67,0
9,25,71,0
9,51,78,0
9,26,67,0
9,22,70,0
9,33,67,0
9,43,76,0
9,38,75,0
9,27,69,0
9,30,69,0
9,48,69,0
9,50,76,0
9,10,66,0
9,30,75,0
9,12,77,0
9,54,68,0
9,68,42,1
9,59,66,0
9,26,67,0
9,35,71,0
9,33,71,0
9,36,69,0
9,23,70,0
9,25,66,0
9,26,79,0
9,52,71,0
9,32,67,0
9,47,74,0
9,70,54,1
9,17,71,0
9,21,69,0
9,20,73,0
9,39,77,0
9,59,69,0
9,45,81,0
9,32,68,0
9,6,67,0
9,15,68,0
9,22,81,0
9,52,67,0
9,27,78,0
9,22,67,0
9,39,71,0
9,72,37,1
9,42,68,0
9,33,66,0
9,41,68,0
9,30,71,0
9,31,66,0
9,18,77,0
9,30,71,0
9,48,71,0
9,37,71,0
9,30,73,0
9,64,69,0
9,50,68,0
9,33,67,0
9,43,68,0
9,48,74,0
9,61,73,0
9,42,73,0
9,30,68,0
9,75,26,1
9,13,68,0
9,66,64,1
9,38,84,0
9,26,75,0
9,65,74,0
9,47,75,0
9,34,67,0
9,28,73,0
9,11,70,0
9,57,67,0
9,28,69,0
9,43,70,0
9,22,80,0
9,36,72,0
9,20,73,0
9,40,67,0
9,27,66,0
9,52,70,0
9,29,79,0
9,49,67,0
9,25,84,0
9,23,76,0
9,69,41,1
9,38,70,0
9,24,67,0
9,12,68,0
9,43,70,0
9,37,74,0
9,50,67,0
9,48,70,0
9,27,66,0
9,40,67,0
9,45,68,0
9,27,67,0
9,15,85,0
9,25,72,0
9,44,68,0
9,72,40,1
9,22,76,0
9,53,70,0
9,26,66,0
9,24,75,0
9,26,67,0
9,28,70,0
9,39,67,0
9,51,77,0
9,55,69,0
9,46,69,0
9,18,73,0
9,35,66,0
9,47,76,0
9,30,67,0
9,64,70,0
9,35,71,0
9,43,66,0
9,31,66,0
9,21,69,0
9,15,66,0
9,27,68,0
9,25,70,0
9,37,67,0
9,68,63,1
9,69,72,0
9,42,73,0
9,33,70,0
9,22,69,0
9,33,68,0
9,26,77,0
9,30,69,0
9,33,72,0
9,22,71,0
9,39,74,0
9,12,71,0
9,32,68,0
9,46,71,0
9,34,67,0
9,47,72,0
9,46,70,0
9,71,59,1
9,47,69,0
9,47,73,0
9,25,67,0
9,23,66,0
9,40,66,0
9,34,78,0
9,48,70,0
9,28,71,0
9,21,66,0
9,59,66,0
9,21,67,0
9,18,77,0
9,31,70,0
9,59,76,0
9,34,70,0
9,39,77,0
9,42,75,0
9,56,67,0
9,48,67,0
9,26,76,0
9,56,79,0
9,28,72,0
9,17,75,0
9,7,66,0
9,24,72,0
9,38,83,0
9,34,72,0
9,36,78,0
9,17,69,0
9,29,68,0
9,31,70,0
9,30,75,0
9,52,68,0
9,36,67,0
9,45,70,0
9,32,73,0
9,22,68,0
9,25,68,0
9,37,68,0
9,37,77,0
9,25,68,0
9,65,68,0
9,68,63,1
9,20,69,0
9,19,69,0
9,39,67,0
9,23,68,0
9,25,66,0
9,41,75,0
9,38,67,0
9,29,70,0
9,67,40,1
9,20,67,0
9,44,75,0
9,58,68,0
9,15,77,0
9,41,73,0
9,43,66,0
9,23,72,0
9,36,71,0
9,16,77,0
9,36,71,0
9,43,73,0
9,31,74,0
9,10,67,0
9,18,68,0
9,22,66,0
9,66,67,0
9,38,78,0
9,12,69,0
9,37,66,0
9,45,83,0
9,27,75,0
9,26,68,0
9,6,69,0
9,29,70,0
9,40,70,0
9,11,69,0
9,62,69,0
9,43,66,0
9,63,68,0
9,30,74,0
9,29,69,0
9,51,72,0
9,33,66,0
9,54,72,0
9,42,74,0
9,17,72,0
9,58,68,0
9,29,77,0
9,50,73,0
9,32,83,0
9,36,71,0
9,26,66,0
9,16,67,0
9,48,67,0
9,43,73,0
9,20,71,0
9,48,72,0
9,28,83,0
9,23,67,0
9,66,69,0
9,26,75,0
9,7,66,0
9,43,69,0
9,43,71,0
9,30,69,0
10,23,66,0
10,45,72,0
10,14,70,0
10,31,68,0
10,53,70,0
10,29,72,0
10,27,81,0
10,66,53,1
10,38,70,0
10,31,72,0
10,51,69,0
10,66,67,0
10,23,69,0
10,22,69,0
10,46,71,0
10,30,70,0
10,18,68,0
10,52,77,0
10,66,74,0
10,38,73,0
10,24,76,0
10,37,83,0
10,33,67,0
10,10,67,0
10,71,68,1
10,33,74,0
10,29,77,0
10,24,68,0
10,43,78,0
10,37,66,0
10,69,67,1
10,39,76,0
10,52,73,0
10,25,66,0
10,42,74,0
10,53,75,0
10,62,68,0
10,21,66,0
10,10,79,0
10,71,69,1
10,27,66,0
10,15,69,0
10,26,68,0
10,10,71,0
10,37,70,0
10,39,68,0
10,41,71,0
10,22,75,0
10,42,67,0
10,28,71,0
10,48,78,0
10,67,57,1
10,23,76,0
10,27,68,0
10,17,67,0
10,36,75,0
10,41,67,0
10,38,70,0
10,24,66,0
10,22,76,0
10,26,69,0
10,57,70,0
10,38,77,0
10,27,70,0
10,21,67,0
10,32,69,0
10,36,66,0
10,45,68,0
10,35,72,0
10,29,73,0
10,41,68,0
10,12,69,0
10,58,67,0
10,9,70,0
10,10,69,0
10,59,72,0
10,37,78,0
10,42,72,0
10,76,69,1
10,45,66,0
10,17,71,0
10,38,83,0
10,27,78,0
10,74,68,1
10,37,74,0
10,22,70,0
10,34,77,0
10,28,79,0
10,26,69,0
10,28,77,0
10,24,72,0
10,37,72,0
10,41,82,0
10,71,40,1
10,55,80,0
10,63,66,0
10,25,84,0
10,55,74,0
10,52,72,0
10,32,69,0
10,16,73,0
10,33,71,0
10,29,68,0
10,20,72,0
10,38,68,0
10,24,70,0
10,41,72,0
10,32,72,0
10,29,67,0
10,28,67,0
10,59,66,0
10,38,66,0
10,34,75,0
10,66,88,0
10,14,83,0
10,13,69,0
10,73,59,1
10,30,66,0
10,43,69,0
10,48,67,0
10,27,74,0
10,31,74,0
10,39,76,0
10,67,50,1
10,55,69,0
10,16,67,0
10,62,80,0
10,53,66,0
10,55,68,0
10,22,69,0
10,69,30,1
10,82,72,1
10,61,71,0
10,50,69,0
10,25,71,0
10,29,70,0
10,56,68,0
10,54,78,0
10,24,83,0
10,58,67,0
10,62,71,0
10,59,69,0
10,28,68,0
10,47,69,0
10,43,67,0
10,49,66,0
10,66,77,0
10,42,69,0
10,43,70,0
10,19,74,0
10,34,66,0
10,66,60,1
10,33,70,0
10,30,68,0
10,66,55,1
10,39,71,0
10,13,66,0
10,43,76,0
10,60,67,0
10,27,66,0
10,44,71,0
10,4,70,0
10,36,67,0
10,38,68,0
10,37,73,0
10,37,80,0
10,37,73,0
10,33,67,0
10,23,70,0
10,26,78,0
10,40,68,0
10,24,84,0
10,70,34,1
10,37,69,0
10,23,67,0
10,26,73,0
10,20,77,0
10,45,68,0
10,68,52,1
10,32,70,0
10,28,71,0
10,29,69,0
10,65,66,0
10,38,69,0
10,29,78,0
10,14,68,0
10,34,81,0
10,24,70,0
10,14,67,0
10,17,67,0
10,13,85,0
10,37,69,0
10,31,72,0
10,61,70,0
10,41,70,0
10,47,73,0
10,26,90,0
10,66,64,1
10,13,67,0
10,21,69,0
10,40,87,0
10,22,78,0
10,40,69,0
10,70,50,1
10,45,78,0
10,42,67,0
10,43,93,0
10,50,73,0
10,32,77,0
10,24,67,0
10,34,66,0
10,34,75,0
10,57,70,0
10,72,60,1
10,35,69,0
10,33,66,0
10,14,68,0
10,28,66,0
10,21,70,0
10,59,82,0
10,35,70,0
10,50,77,0
10,41,69,0
10,35,69,0
10,28,68,0
10,45,67,0
10,47,74,0
10,59,68,0
10,21,66,0
10,46,67,0
10,50,76,0
10,58,78,0
10,41,66,0
10,31,66,0
10,4,74,0
10,44,82,0
10,23,71,0
10,27,76,0
10,68,55,1
10,48,67,0
10,38,79,0
10,40,66,0
10,50,66,0
10,50,74,0
10,62,71,0
10,26,66,0
10,47,73,0
10,53,73,0
10,53,74,0
10,47,66,0
10,53,76,0
10,43,83,0
10,22,71,0
10,18,73,0
10,19,75,0
10,38,66,0
10,46,73,0
10,55,72,0
10,41,67,0
10,25,68,0
10,35,66,0
10,26,77,0
10,32,69,0
10,13,69,0
10,17,75,0
10,67,65,1
10,58,67,0
10,16,66,0
10,21,75,0
10,47,77,0
10,18,81,0
10,49,74,0
10,49,74,0
10,34,75,0
10,23,73,0
10,64,74,0
10,43,76,0
10,28,67,0
10,74,59,1
10,48,70,0
10,39,74,0
10,69,66,1
10,35,77,0
10,15,66,0
10,16,77,0
10,67,71,0
10,21,66,0
10,61,77,0
10,26,70,0
10,18,82,0
10,9,66,0
10,27,70,0
10,35,73,0
10,67,62,1
10,12,66,0
10,53,69,0
10,23,66,0
10,38,67,0
10,4,79,0
10,66,49,1
10,25,79,0
10,68,77,0
10,46,66,0
10,29,76,0
10,20,76,0
10,56,70,0
10,6,67,0
10,40,77,0
10,46,74,0
10,21,69,0
10,34,69,0
10,57,70,0
10,32,67,0
10,73,60,1
10,66,70,0
10,73,68,1
10,67,67,-1
10,43,66,0
10,22,67,0
10,48,70,0
10,72,70,1
10,39,66,0
10,35,68,0
10,36,66,0
10,40,66,0
10,41,69,0
10,37,67,0
10,19,78,0
10,23,67,0
10,44,66,0
10,38,79,0
10,31,68,0
10,36,69,0
10,48,67,0
10,12,71,0
10,13,84,0
10,65,69,0
10,35,70,0
10,29,72,0
10,47,71,0
10,28,69,0
10,38,73,0
10,53,72,0
10,58,71,0
10,42,67,0
10,42,73,0
10,13,67,0
10,40,67,0
10,56,83,0
10,34,70,0
10,45,75,0
10,37,71,0
10,43,68,0
10,49,76,0
10,13,71,0
10,19,69,0
10,26,66,0
10,49,68,0
10,36,74,0
10,68,59,1
10,61,75,0
10,39,74,0
10,55,76,0
10,16,80,0
10,30,74,0
10,59,77,0
10,38,72,0
10,49,71,0
10,65,75,0
10,67,67,-1
10,16,67,0
10,49,72,0
10,17,73,0
10,36,76,0
10,53,70,0
10,46,73,0
10,54,68,0
10,39,75,0
10,38,74,0
10,39,73,0
10,51,69,0
10,36,69,0
10,38,70,0
10,22,76,0
10,15,66,0
10,17,67,0
10,44,66,0
10,58,67,0
10,31,87,0
10,16,66,0
10,50,93,0
10,22,67,0
10,34,68,0
10,16,84,0
10,44,85,0
10,31,66,0
10,21,71,0
10,68,61,1
10,60,68,0
10,37,85,0
10,29,66,0
10,20,67,0
10,10,81,0
10,28,74,0
10,21,86,0
10,43,68,0
10,52,74,0
10,45,74,0
10,49,78,0
10,50,66,0
10,64,85,0
10,39,67,0
10,15,67,0
10,57,74,0
10,19,66,0
10,42,72,0
10,5,74,0
10,60,70,0
10,55,68,0
10,49,69,0
10,25,71,0
10,33,71,0
10,35,71,0
10,15,69,0
10,22,73,0
10,41,66,0
10,37,71,0
10,49,67,0
10,17,67,0
10,14,68,0
10,23,82,0
10,72,61,1
10,24,70,0
10,32,68,0
10,12,70,0
10,19,71,0
10,45,79,0
10,61,67,0
10,60,79,0
10,45,70,0
10,42,76,0
10,41,80,0
10,17,66,0
10,31,67,0
10,44,73,0
10,57,66,0
10,34,70,0
10,23,77,0
10,19,67,0
10,43,76,0
10,31,72,0
10,50,69,0
10,39,68,0
10,64,70,0
10,51,69,0
10,18,72,0
10,14,66,0
10,28,67,0
10,25,71,0
10,43,77,0
10,42,67,0
10,84,79,1
10,28,75,0
10,44,74,0
10,56,68,0
10,23,68,0
10,65,67,0
10,38,70,0
10,34,70,0
10,42,66,0
10,27,71,0
10,29,77,0
10,29,82,0
10,24,66,0
10,55,72,0
10,39,68,0
10,33,69,0
10,70,60,1
10,45,66,0
10,51,70,0
10,19,78,0
10,60,79,0
10,36,73,0
10,4,68,0
10,15,68,0
10,27,77,0
10,27,86,0
10,33,74,0
10,12,68,0
10,27,68,0
10,27,68,0
10,34,81,0
10,60,71,0
10,46,74,0
10,70,43,1
10,52,70,0
10,33,66,0
10,59,72,0
10,44,69,0
10,44,70,0
10,35,66,0
10,13,74,0
10,20,69,0
10,42,71,0
10,32,83,0
10,19,72,0
10,29,73,0
10,28,75,0
10,58,67,0
10,21,70,0
10,59,69,0
10,30,68,0
10,47,79,0
10,22,71,0
10,67,46,1
10,42,70,0
10,64,91,0
10,44,69,0
10,47,69,0
10,39,83,0
10,14,90,0
10,54,81,0
10,21,66,0
10,56,73,0
10,42,70,0
10,48,78,0
10,26,68,0
10,54,72,0
10,38,66,0
10,53,67,0
10,38,70,0
10,48,68,0
10,16,67,0
10,27,73,0
10,39,69,0
10,70,53,1
10,53,79,0
10,74,47,1
10,55,87,0
10,51,80,0
10,76,71,1
10,68,59,1
10,35,68,0
10,26,83,0
10,29,69,0
10,40,69,0
10,44,68,0
10,31,71,0
10,72,69,1
10,67,69,0
10,60,68,0
10,43,66,0
10,50,71,0
10,73,53,1
10,53,66,0
10,28,87,0
10,72,31,1
10,25,85,0
10,22,79,0
10,22,75,0
10,35,78,0
10,57,72,0
10,49,86,0
10,42,74,0
10,32,67,0
10,16,69,0
10,64,71,0
10,65,71,0
10,15,74,0
10,54,73,0
10,53,73,0
10,31,78,0
10,56,67,0
10,44,74,0
10,39,68,0
10,34,79,0
10,48,77,0
10,44,74,0
10,66,50,1
10,43,72,0
10,30,71,0
10,43,67,0
10,42,71,0
10,33,71,0
10,18,66,0
10,56,69,0
10,65,80,0
10,18,77,0
10,55,72,0
10,54,76,0
10,71,41,1
10,65,68,0
10,22,68,0
10,34,69,0
10,18,66,0
10,30,66,0
10,20,86,0
10,17,74,0
10,30,66,0
10,74,51,1
10,41,75,0
10,30,72,0
10,30,76,0
10,37,78,0
10,63,74,0
10,46,70,0
10,34,69,0
10,59,66,0
10,40,69,0
10,33,66,0
10,35,66,0
10,15,67,0
10,42,74,0
10,14,70,0
10,16,74,0
10,63,70,0
10,76,61,1
10,37,75,0
10,33,80,0
10,41,70,0
10,54,68,0
10,68,66,1
10,39,73,0
10,11,77,0
10,43,68,0
10,62,79,0
10,25,66,0
10,57,67,0
10,44,68,0
10,59,66,0
10,43,68,0
10,61,73,0
10,36,73,0
10,54,77,0
10,39,74,0
10,38,66,0
10,18,68,0
10,45,75,0
10,49,76,0
10,32,73,0
10,19,76,0
10,14,75,0
10,38,75,0
10,38,71,0
10,28,71,0
10,34,66,0
10,30,69,0
10,58,66,0
10,37,76,0
10,23,69,0
10,32,69,0
10,28,67,0
10,38,70,0
10,62,74,0
10,69,62,1
10,26,67,0
10,31,86,0
10,16,78,0
10,33,72,0
10,39,68,0
10,54,83,0
10,45,70,0
10,67,64,1
10,54,67,0
10,29,77,0
10,24,76,0
10,43,70,0
10,43,80,0
10,64,73,0
10,68,78,0
10,67,39,1
10,43,69,0
10,29,70,0
10,27,69,0
10,52,68,0
10,68,44,1
10,45,77,0
10,26,66,0
10,34,66,0
10,25,75,0
10,28,79,0
10,40,76,0
10,57,88,0
10,83,64,1
10,48,77,0
10,23,69,0
10,53,68,0
10,64,66,0
10,45,74,0
10,19,74,0
10,63,68,0
10,46,69,0
10,33,71,0
10,23,67,0
10,67,50,1
10,21,81,0
10,48,80,0
10,55,70,0
10,50,70,0
10,22,70,0
10,54,79,0
10,36,76,0
10,50,71,0
10,28,79,0
10,8,68,0
10,14,77,0
10,39,66,0
10,39,80,0
10,13,69,0
10,35,79,0
10,23,78,0
10,34,71,0
10,33,66,0
10,76,43,1
10,24,66,0
10,31,78,0
10,39,70,0
10,37,71,0
10,16,76,0
10,51,75,0
10,20,67,0
10,45,70,0
10,21,75,0
10,48,73,0
10,38,76,0
10,59,67,0
10,29,76,0
10,22,78,0
10,59,70,0
10,45,70,0
10,20,74,0
10,18,80,0
10,39,69,0
10,33,70,0
10,26,66,0
10,53,66,0
10,27,71,0
10,43,69,0
10,34,66,0
10,29,70,0
10,20,74,0
10,31,70,0
10,67,70,0
10,24,81,0
10,49,66,0
10,53,70,0
10,30,76,0
10,20,71,0
10,38,79,0
10,44,74,0
10,29,70,0
10,36,80,0
10,46,66,0
10,53,68,0
10,39,68,0
10,48,70,0
10,39,73,0
10,48,67,0
10,54,66,0
10,70,68,1
10,25,71,0
10,36,66,0
10,31,69,0
10,41,73,0
10,34,67,0
10,35,78,0
10,38,75,0
10,44,66,0
10,71,75,0
10,29,72,0
10,32,67,0
10,65,76,0
10,38,68,0
10,42,75,0
10,22,71,0
10,26,75,0
10,20,72,0
10,20,74,0
10,54,77,0
10,31,70,0
10,41,68,0
10,32,67,0
10,55,67,0
10,35,79,0
10,44,67,0
10,10,71,0
10,22,67,0
10,53,70,0
10,54,66,0
10,32,67,0
10,46,73,0
10,56,68,0
10,39,71,0
10,55,66,0
10,63,74,0
10,27,76,0
10,25,69,0
10,8,69,0
10,44,71,0
10,52,73,0
10,51,67,0
10,28,66,0
10,45,75,0
10,34,69,0
10,35,69,0
10,38,68,0
10,14,72,0
10,64,77,0
10,59,69,0
10,59,68,0
10,48,76,0
10,24,67,0
10,14,67,0
10,43,67,0
10,29,76,0
10,56,80,0
10,20,81,0
10,19,71,0
10,31,66,0
10,85,63,1
10,37,66,0
10,67,65,1
10,26,77,0
10,16,70,0
10,65,68,0
10,36,74,0
10,18,81,0
10,41,66,0
10,54,69,0
10,36,81,0
10,32,66,0
10,32,73,0
10,44,67,0
10,16,74,0
10,48,68,0
10,76,61,1
10,14,73,0
10,51,78,0
10,71,59,1
10,55,87,0
10,67,69,0
10,20,75,0
10,23,77,0
10,57,73,0
10,67,73,0
10,43,72,0
10,39,67,0
10,46,66,0
10,26,70,0
10,61,70,0
10,72,66,1
10,63,76,0
10,31,68,0
10,37,74,0
10,56,67,0
10,17,68,0
10,40,69,0
10,45,70,0
10,55,68,0
10,57,76,0
10,33,68,0
10,34,74,0
10,57,81,0
10,42,75,0
10,68,28,1
10,24,68,0
10,51,67,0
10,48,69,0
10,45,70,0
10,22,73,0
10,19,74,0
10,38,77,0
10,51,83,0
10,40,66,0
10,60,72,0
10,31,80,0
10,41,71,0
10,32,74,0
10,30,72,0
10,47,67,0
10,49,66,0
10,38,72,0
10,31,66,0
10,34,76,0
10,44,74,0
10,62,70,0
10,45,74,0
10,68,45,1
10,61,74,0
10,19,75,0
10,38,69,0
10,32,72,0
10,47,68,0
10,24,71,0
10,43,73,0
10,17,76,0
10,35,82,0
10,29,72,0
10,24,66,0
10,25,71,0
10,29,72,0
10,24,78,0
10,39,67,0
10,18,71,0
10,27,77,0
10,40,71,0
10,19,71,0
10,68,54,1
10,66,67,0
10,38,79,0
10,45,70,0
10,34,68,0
10,46,79,0
10,20,68,0
10,11,70,0
10,43,73,0
10,54,68,0
10,35,71,0
10,44,76,0
10,45,71,0
10,34,83,0
10,33,78,0
10,14,72,0
10,39,71,0
10,14,70,0
10,53,69,0
10,32,67,0
10,68,48,1
10,36,68,0
10,25,68,0
10,25,67,0
10,36,76,0
10,30,67,0
10,11,90,0
10,30,77,0
10,43,75,0
10,46,67,0
10,24,71,0
10,55,78,0
10,20,67,0
10,20,71,0
10,50,71,0
10,20,66,0
10,69,69,-1
10,20,69,0
10,8,68,0
10,31,72,0
10,74,58,1
10,31,77,0
10,38,76,0
10,58,66,0
10,60,68,0
10,42,72,0
10,28,75,0
10,23,68,0
10,44,74,0
10,28,66,0
10,21,68,0
10,52,81,0
10,39,73,0
10,39,69,0
10,61,69,0
10,55,75,0
10,30,71,0
10,41,72,0
10,52,77,0
10,49,66,0
10,33,69,0
10,33,69,0
10,37,71,0
10,21,75,0
10,45,81,0
10,39,77,0
10,51,74,0
10,37,66,0
10,58,69,0
10,31,73,0
10,9,67,0
10,32,75,0
10,67,54,1
10,53,68,0
10,25,80,0
10,26,68,0
10,60,72,0
10,24,76,0
10,41,70,0
10,58,72,0
10,52,76,0
10,17,75,0
10,35,68,0
10,30,78,0
10,16,66,0
10,34,75,0
10,33,66,0
10,43,69,0
10,25,66,0
10,54,70,0
10,49,77,0
10,62,71,0
